10 40 0      40 20 0      
9 40 0      40 21 0      
8 40 0      40 22 0      
7 40 0      40 23 0      
6 40 0      40 24 0      
5 40 0      40 25 0      
4 40 0      40 26 0      
3 40 0      40 27 0      
2 40 0      40 28 0      
1 40 0      41 28 0      
0 40 0       41 28 1      
50 40 0      42 28 0      
49 40 0      43 28 0      
48 40 0      43 29 0      
47 40 0      43 30 0      
46 40 0      43 31 0      
45 40 0      43 32 0      
44 40 0      43 33 0      
43 40 0      43 34 0      
42 40 0      43 35 0      
41 40 0      43 36 0      
40 40 0       43 36 1      
40 40 0      43 37 0      
39 40 0      43 38 0      
38 40 0      43 39 0      
37 40 1      42 39 0      
36 40 0      41 39 0      
35 40 0      40 39 0      
34 40 0      39 39 0      
33 40 0      38 39 0      
32 40 0      37 39 0      
31 40 0      36 39 0      
30 40 0      35 39 0      
29 40 0      34 39 0      
28 40 0      33 39 0      
27 40 0      32 39 0      
26 40 0      31 39 0      
25 40 0      30 39 0      
24 40 0      29 39 0      
23 40 0      28 39 0      
22 40 0      27 39 0      
21 40 0      26 39 0      
20 40 0      25 39 0      
19 40 0      24 39 0      
18 40 0      24 40 0      
17 40 0      24 41 0      
16 40 0      24 42 0      
15 40 0      24 43 0      
14 40 0      24 44 0      
13 40 0      24 45 0      
12 40 0      24 46 0      
11 40 0      24 47 0      
10 40 0      24 48 0      
9 40 0      24 49 0      
8 40 0      24 50 0      
7 40 0      24 51 0      
6 40 0      24 52 0      
5 40 0      24 3 0      
4 40 0      24 4 0      
3 40 0      23 4 0      
2 40 0      22 4 0      
1 40 0      21 4 0      
50 40 0      20 4 0      
49 40 0      19 4 0      
48 40 0      18 4 0      
47 40 0      17 4 0      
46 40 0      16 4 0      
45 40 0      15 4 0      
44 40 0      14 4 0      
43 40 0      14 5 0      
42 40 0      14 6 0      
41 40 0      14 7 0      
40 40 0      15 7 0      
39 40 0      16 7 0      
38 40 0      16 6 0      
37 40 0      16 5 0      
36 40 0       16 5 1      
36 40 0      15 5 0      
35 40 0      14 5 0      
34 40 0      13 5 0      
33 40 0      12 5 0      
32 40 0      11 5 0      
31 40 0      10 5 0      
30 40 0      9 5 0      
29 40 0      8 5 0      
28 40 0      7 5 0      
27 40 0      7 4 0      
26 40 0      7 3 0      
25 40 0      7 52 0      
24 40 0      7 51 0      
23 40 0      7 50 0      
22 40 0      7 49 0      
21 40 0      7 48 0      
20 40 0      7 47 0      
19 40 0      7 46 0      
18 40 0      7 45 0      
17 40 0      7 44 0      
16 40 0      7 43 0      
15 40 0      7 42 0      
14 40 0      7 41 0      
13 40 0      7 40 0      
12 40 0      7 39 0      
11 40 0      7 38 0      
10 40 0      7 37 0      
9 40 0      6 37 0      
8 40 0      5 37 0      
7 40 0      4 37 0      
6 40 0      3 37 0      
5 40 0      2 37 0      
4 40 0      1 37 0      
3 40 0       1 37 1      
3 40 0      0 37 0      
2 40 0      50 36 0      
1 40 0      50 35 0      
50 40 0      50 34 0      
49 40 0      50 33 0      
48 40 0      50 32 0      
47 40 0      50 31 0      
46 40 0      49 31 0      
45 40 0      48 31 0      
44 40 0      47 31 0      
43 40 0      46 31 0      
42 40 0      45 31 0      
41 40 0      44 31 0      
40 40 0      43 31 0      
39 40 0      42 31 0      
38 40 0      41 31 0      
37 40 0      40 31 0      
36 40 0      39 31 0      
35 40 0      38 31 0      
34 40 0      37 31 0      
33 40 0      36 31 0      
32 40 0      35 31 0      
31 40 0      34 31 0      
30 40 0      33 31 0      
29 40 0      32 31 0      
28 40 0      31 31 0      
27 40 0      30 31 0      
26 40 0      29 31 0      
25 40 0      28 31 0      
24 40 0      28 30 0      
23 40 0      28 29 0      
22 40 0      28 28 0      
21 40 0      28 27 0      
20 40 0      28 26 0      
19 40 0      28 25 0      
18 40 0       28 25 1      
18 40 0      28 24 0      
17 40 0      28 23 0      
16 40 0      28 22 0      
15 40 0      28 21 0      
14 40 0      28 20 0      
13 40 0      28 19 0      
12 40 0      28 18 0      
11 40 0      28 17 0      
10 40 0      29 17 0      
9 40 0      30 17 0      
8 40 0      31 17 0      
7 40 0      32 17 0      
6 40 0      33 17 0      
5 40 0      34 17 0      
4 40 0      35 17 0      
3 40 0      36 17 0      
2 40 0      37 17 0      
1 40 0      37 18 0      
50 40 0      38 18 0      
49 40 0      39 18 0      
48 40 0      40 18 0      
47 40 0      40 17 0      
46 40 0      41 17 0      
45 40 0      42 17 0      
44 40 0      43 17 0      
43 40 0      44 17 0      
42 40 0      44 18 0      
41 40 0      43 18 0      
40 40 0      42 18 0      
39 40 0      42 17 0      
38 40 0      42 16 0      
37 40 0      42 15 0      
36 40 0      42 14 0      
35 40 0      42 13 0      
34 40 0      42 12 0      
33 40 0      42 11 0      
32 40 0      42 10 0      
31 40 0      42 9 0      
30 40 0      42 8 0      
29 40 0      42 7 0      
28 40 0      42 6 0      
27 40 0      42 5 0      
26 40 0       42 5 1      
26 40 0      42 4 0      
25 40 0      42 3 0      
24 40 0      42 52 0      
23 40 0      43 52 0      
22 40 0      43 51 0      
21 40 0      44 51 0      
20 40 0      45 51 0      
19 40 0       45 51 1      
19 40 0      46 51 0      
18 40 0      47 51 0      
17 40 0      48 51 0      
16 40 0      49 51 0      
15 40 0      0 51 0      
14 40 0      1 51 0      
13 40 0      2 51 0      
12 40 0      3 51 0      
11 40 0      4 51 0      
10 40 0      5 51 0      
9 40 0      6 51 0      
8 40 0      7 51 0      
7 40 0      8 51 0      
6 40 0      9 51 0      
5 40 0      9 52 0      
4 40 0      9 3 0      
3 40 0      10 3 0      
2 40 0      11 3 0      
1 40 0      12 3 0      
50 40 0      13 3 0      
49 40 0      14 3 0      
48 40 0      15 3 0      
47 40 0      16 3 0      
46 40 0      16 2 0      
45 40 0      16 52 0      
44 40 0      16 51 0      
43 40 0      15 51 0      
42 40 0      14 51 0      
41 40 0      13 51 0      
40 40 0      12 51 0      
39 40 0      11 51 0      
38 40 0      10 51 0      
37 40 0      9 51 0      
36 40 0      8 51 0      
35 40 0      7 51 0      
34 40 0      6 51 0      
33 40 0      5 51 0      
32 40 0      4 51 0      
31 40 0      3 51 0      
30 40 0      2 51 0      
29 40 0      1 51 0      
28 40 0      0 51 0      
27 40 0      49 51 0      
26 40 0      48 51 0      
25 40 0      48 52 0      
24 40 0      48 3 0      
23 40 0      48 4 0      
22 40 0      48 5 0      
21 40 0      47 5 0      
20 40 0      46 5 0      
19 40 0      46 6 0      
18 40 0      46 7 0      
17 40 0      46 8 0      
16 40 0      46 9 0      
15 40 0      46 10 0      
14 40 0       46 10 1      
14 40 0      47 10 0      
13 40 0      48 10 0      
12 40 0      48 11 0      
11 40 0      48 12 0      
10 40 0      48 13 0      
9 40 0      48 14 0      
8 40 0      48 15 0      
7 40 0      48 16 0      
6 40 0      48 17 0      
5 40 0      49 17 0      
4 40 0      0 17 0      
3 40 0      0 18 0      
2 40 0      0 19 0      
1 40 0      0 20 0      
50 40 0      0 21 0      
49 40 0      0 22 0      
48 40 0      0 23 0      
47 40 0      0 24 0      
46 40 0      0 25 0      
45 40 0      0 26 0      
44 40 0      0 27 0      
43 40 0      0 28 0      
42 40 0      0 29 0      
41 40 0      0 30 0      
40 40 0      0 31 0      
39 40 0      0 32 0      
38 40 0       0 32 1      
38 40 0      0 33 0      
37 40 0      0 34 0      
36 40 0      0 35 0      
35 40 0      0 36 0      
34 40 0      0 37 0      
33 40 0      0 38 0      
32 40 0      0 39 0      
31 40 0      0 40 0      
30 40 0      -1 40 0      
29 40 0      49 40 0      
28 40 0      48 40 0      
27 40 0      47 40 0      
26 40 0      47 39 0      
25 40 0       47 39 1      
25 40 0      46 39 0      
24 40 0      45 39 0      
23 40 0      44 39 0      
22 40 0      43 39 0      
21 40 0      42 39 0      
20 40 0      41 39 0      
19 40 0      40 39 0      
18 40 0      39 39 0      
17 40 0      38 39 0      
16 40 0      37 39 0      
15 40 0      36 39 0      
14 40 0      35 39 0      
13 40 0      34 39 0      
12 40 0      33 39 0      
11 40 0      32 39 0      
10 40 0      32 40 0      
9 40 0      32 41 0      
8 40 0      31 41 0      
7 40 0      30 41 0      
6 40 0      29 41 0      
5 40 0      28 41 0      
4 40 0      27 41 0      
3 40 0      26 41 0      
2 40 0      25 41 0      
1 40 0      24 41 0      
50 40 0      23 41 0      
49 40 0      22 41 0      
48 40 0      21 41 0      
47 40 0      20 41 0      
46 40 0       20 41 1      
46 40 0      19 41 0      
45 40 0      18 41 0      
44 40 0      17 41 0      
43 40 0      16 41 0      
42 40 0      15 41 0      
41 40 0      14 41 0      
40 40 0      13 41 0      
39 40 0      12 41 0      
38 40 0      11 41 0      
37 40 0      10 41 0      
36 40 0      9 41 0      
35 40 0      8 41 0      
34 40 0      7 41 0      
33 40 0      6 41 0      
32 40 0      5 41 0      
31 40 0      4 41 0      
30 40 0      3 41 0      
29 40 0      2 41 0      
28 40 0      1 41 0      
27 40 0      0 41 0      
26 40 0      49 41 0      
25 40 0      48 41 0      
24 40 0       48 41 1      
24 40 0       48 41 1      
24 40 0      47 41 0      
23 40 0      46 41 0      
22 40 0      45 41 0      
21 40 0      44 41 0      
20 40 0      43 41 0      
19 40 0      42 41 0      
18 40 0      41 41 0      
17 40 0      40 41 0      
16 40 0      39 41 0      
15 40 0      38 41 0      
14 40 0      37 41 0      
13 40 0       37 41 1      
13 40 0      36 41 0      
12 40 0      35 41 0      
11 40 0      34 41 0      
10 40 0      33 41 0      
9 40 0      32 41 0      
8 40 0      31 41 0      
7 40 0      30 41 0      
6 40 0      29 41 0      
5 40 0      28 41 0      
4 40 0      27 41 0      
3 40 0      26 41 0      
2 40 0      25 41 0      
1 40 0      25 42 0      
50 40 0      25 43 0      
49 40 0      25 44 0      
48 40 0      25 45 0      
47 40 0      25 46 0      
46 40 0      24 46 0      
45 40 0      23 46 0      
44 40 0      23 45 0      
43 40 0      23 44 0      
42 40 0      23 43 0      
41 40 0      23 42 0      
40 40 0      23 41 0      
39 40 0      23 40 0      
38 40 0      23 39 0      
37 40 0      23 38 0      
36 40 0      23 37 0      
35 40 0      22 37 0      
34 40 0      21 37 0      
33 40 0      20 37 0      
32 40 0      19 37 0      
31 40 0      18 37 0      
30 40 0      17 37 0      
29 40 0      16 37 0      
28 40 0      15 37 0      
27 40 0      14 37 0      
26 40 0      14 38 0      
25 40 0      14 39 0      
24 40 0      14 40 0      
23 40 0      14 41 0      
22 40 0      15 41 0      
21 40 0      15 40 0      
20 40 0      15 39 0      
19 40 0      15 38 0      
18 40 0      15 37 0      
17 40 0      15 36 0      
16 40 0      15 35 0      
15 40 0      15 34 0      
14 40 0      15 33 0      
13 40 0       15 33 1      
13 40 0      15 32 0      
12 40 0      14 32 0      
11 40 0      13 32 0      
10 40 0      12 32 0      
9 40 0      11 32 0      
8 40 0      10 32 0      
7 40 0      9 32 0      
6 40 0      9 33 0      
5 40 0      9 34 0      
4 40 0      9 35 0      
3 40 0      9 36 0      
2 40 0      9 37 0      
1 40 0      9 38 0      
50 40 0      9 39 0      
49 40 0      9 40 0      
48 40 0      9 41 0      
47 40 0      9 42 0      
46 40 0      9 43 0      
45 40 0      8 43 0      
44 40 0      7 43 0      
43 40 0      6 43 0      
42 40 0      5 43 0      
41 40 0      4 43 0      
40 40 0      3 43 0      
39 40 0      3 42 0      
38 40 0      3 41 0      
37 40 0      3 40 0      
36 40 0      3 39 0      
35 40 0      3 38 0      
34 40 0      3 37 0      
33 40 0      3 36 0      
32 40 0      3 35 0      
31 40 0      3 34 0      
30 40 0      3 33 0      
29 40 0      3 32 0      
28 40 0      3 31 0      
27 40 0      3 30 0      
26 40 0      3 29 0      
25 40 0      3 28 0      
24 40 0      3 27 0      
23 40 0      3 26 0      
22 40 0      3 25 0      
21 40 0      3 24 0      
20 40 0      2 24 0      
19 40 0      1 24 0      
18 40 0      0 24 0      
17 40 0      49 24 0      
16 40 0      49 25 0      
15 40 0      49 26 0      
14 40 0      49 27 0      
13 40 0      49 28 0      
12 40 0      49 29 0      
11 40 0      49 30 0      
10 40 0      49 31 0      
9 40 0      49 32 0      
8 40 0      49 33 0      
7 40 0      49 34 0      
6 40 0      49 35 0      
5 40 0      50 35 0      
4 40 0      0 35 0      
3 40 0      1 35 0      
2 40 0      2 35 0      
1 40 0      2 36 0      
50 40 0      2 37 0      
49 40 0      2 38 0      
48 40 0      2 39 0      
47 40 0      2 40 0      
46 40 0      2 41 0      
45 40 0      2 42 0      
44 40 0      2 43 0      
43 40 0      2 44 0      
42 40 0      2 45 0      
41 40 0      2 46 0      
40 40 0      2 47 0      
39 40 0      2 48 0      
38 40 0      2 49 0      
37 40 0      2 50 0      
36 40 0      3 50 0      
35 40 0      4 50 0      
34 40 0      4 51 0      
33 40 0      4 52 0      
32 40 0      4 3 0      
31 40 0      4 4 0      
30 40 0      4 5 0      
29 40 0      3 5 0      
28 40 0      2 5 0      
27 40 0      2 6 0      
26 40 0      2 7 0      
25 40 0      2 8 0      
24 40 0      2 9 0      
23 40 0      2 10 0      
22 40 0      2 11 0      
21 40 0      2 12 0      
20 40 0      2 13 0      
19 40 0      2 14 0      
18 40 0      2 15 0      
17 40 0      2 16 0      
16 40 0      2 17 0      
15 40 0      2 18 0      
14 40 0      2 19 0      
13 40 0      2 20 0      
12 40 0      2 21 0      
11 40 0      2 22 0      
10 40 0      2 23 0      
9 40 0      2 24 0      
8 40 0      2 25 0      
7 40 0       2 25 1      
7 40 0      2 26 0      
6 40 0      2 27 0      
5 40 0      2 28 0      
4 40 0      2 29 0      
3 40 0      1 29 0      
2 40 0      0 29 0      
1 40 0      49 29 0      
50 40 0      48 29 0      
49 40 0      47 29 0      
48 40 0      46 29 0      
47 40 0      45 29 0      
46 40 0      44 29 0      
45 40 0       44 29 1      
45 40 0      43 29 0      
44 40 0      42 29 0      
43 40 0      41 29 0      
42 40 0      40 29 0      
41 40 0      39 29 0      
40 40 0      38 29 0      
39 40 0      37 29 0      
38 40 0      36 29 0      
37 40 0      35 29 0      
36 40 0      34 29 0      
35 40 0      33 29 0      
34 40 0      33 28 0      
33 40 0      33 27 0      
32 40 0      33 26 0      
31 40 0      33 25 0      
30 40 0      33 24 0      
29 40 0      33 23 0      
28 40 0      33 22 0      
27 40 0      33 21 0      
26 40 0      33 20 0      
25 40 0      33 19 0      
24 40 0      33 18 0      
23 40 0      33 17 0      
22 40 0      33 16 0      
21 40 0      33 15 0      
20 40 0      33 14 0      
19 40 0      33 13 0      
18 40 0      33 12 0      
17 40 0      33 11 0      
16 40 0      33 10 0      
15 40 0      33 9 0      
14 40 0      33 8 0      
13 40 0      33 7 0      
12 40 0      33 6 0      
11 40 0      33 5 0      
10 40 0      33 4 0      
9 40 0      33 3 0      
8 40 0      33 52 0      
7 40 0      33 51 0      
6 40 0      32 51 0      
5 40 0      31 51 0      
4 40 0      30 51 0      
3 40 0      29 51 0      
2 40 0      28 51 0      
1 40 0       28 51 1      
1 40 0      27 51 0      
50 40 0      26 51 0      
49 40 0      25 51 0      
48 40 0      24 51 0      
47 40 0      23 51 0      
46 40 0      22 51 0      
45 40 0      21 51 0      
44 40 0      20 51 0      
43 40 0      19 51 0      
42 40 0      18 51 0      
41 40 0      17 51 0      
40 40 0      16 51 0      
39 40 0      15 51 0      
38 40 0      14 51 0      
37 40 0      13 51 0      
36 40 0      12 51 0      
35 40 0      12 52 0      
34 40 0      12 3 0      
33 40 0      12 4 0      
32 40 0       12 4 1      
32 40 0      12 5 0      
31 40 0      12 6 0      
30 40 0      12 7 0      
29 40 0      12 8 0      
28 40 0      12 9 0      
27 40 0      12 10 0      
26 40 0      12 11 0      
25 40 0      12 12 0      
24 40 0      11 12 0      
23 40 0      10 12 0      
22 40 0      9 12 0      
21 40 0      8 12 0      
20 40 0      7 12 0      
19 40 0      6 12 0      
18 40 0      5 12 0      
17 40 0      4 12 0      
16 40 0      3 12 0      
15 40 0      2 12 0      
14 40 0      1 12 0      
13 40 0      0 12 0      
12 40 0      49 12 0      
11 40 0      48 12 0      
10 40 0      47 12 0      
9 40 0      47 13 0      
8 40 0      47 14 0      
7 40 0      47 15 0      
6 40 0      47 16 0      
5 40 0      47 17 0      
4 40 0      47 18 0      
3 40 0      47 19 0      
2 40 0      47 20 0      
1 40 0      47 21 0      
50 40 0      47 22 0      
49 40 0      47 23 0      
48 40 0      47 24 0      
47 40 0      47 25 0      
46 40 0      47 26 0      
45 40 0      47 27 0      
44 40 0      47 28 0      
43 40 0      47 29 0      
42 40 0      47 30 0      
41 40 0      47 31 0      
40 40 0      47 32 0      
39 40 0      47 33 0      
38 40 0      47 34 0      
37 40 0      47 35 0      
36 40 0      47 36 0      
35 40 0      47 37 0      
34 40 0      47 38 0      
33 40 0      47 39 0      
32 40 0      47 40 0      
31 40 0      47 41 0      
30 40 0      47 42 0      
29 40 0      47 43 0      
28 40 0      47 44 0      
27 40 0      47 45 0      
26 40 0      47 46 0      
25 40 0      47 47 0      
24 40 0      47 48 0      
23 40 0      47 49 0      
22 40 0      47 50 0      
21 40 0      47 51 0      
20 40 0      47 52 0      
19 40 0      48 2 0      
18 40 0      49 2 0      
17 40 0      0 2 0      
16 40 0      1 2 0      
15 40 0      2 2 0      
14 40 0      3 2 0      
13 40 0      4 2 0      
12 40 0      5 2 0      
11 40 0      6 2 0      
10 40 0      7 2 0      
9 40 0      8 2 0      
8 40 0      9 2 0      
7 40 0      10 2 0      
6 40 0      11 2 0      
5 40 0      12 2 0      
4 40 0      13 2 0      
3 40 0      14 2 0      
2 40 0      15 2 0      
1 40 0      16 2 0      
50 40 0      16 1 0      
49 40 0      16 52 0      
48 40 0      15 52 0      
47 40 0      14 52 0      
46 40 0      13 52 0      
45 40 0      12 52 0      
44 40 0      11 52 0      
43 40 0      10 52 0      
42 40 0      9 52 0      
41 40 0      8 52 0      
40 40 0      7 52 0      
39 40 0      6 52 0      
38 40 0      5 52 0      
37 40 0      4 52 0      
36 40 0      3 52 0      
35 40 0      2 52 0      
34 40 0       2 52 1      
34 40 0      1 52 0      
33 40 0      0 52 0      
32 40 0      49 52 0      
31 40 0      48 52 0      
30 40 0      47 52 0      
29 40 0      46 52 0      
28 40 0      45 52 0      
27 40 0      44 52 0      
26 40 0      43 52 0      
25 40 0      42 52 0      
24 40 0      41 52 0      
23 40 0      40 52 0      
22 40 0       40 52 1      
22 40 0      39 52 0      
21 40 0      38 52 0      
20 40 0      37 52 0      
19 40 0      36 52 0      
18 40 0      35 52 0      
17 40 0      34 52 0      
16 40 0      33 52 0      
15 40 0      32 52 0      
14 40 0       32 52 1      
14 40 0      32 53 0      
13 40 0      32 3 0      
12 40 0      32 4 0      
11 40 0      32 5 0      
10 40 0      32 6 0      
9 40 0      32 7 0      
8 40 0      32 8 0      
7 40 0      32 9 0      
6 40 0      32 10 0      
5 40 0      32 11 0      
4 40 0      32 12 0      
3 40 0       32 12 1      
3 40 0      32 13 0      
2 40 0      32 14 0      
1 40 0      32 15 0      
50 40 0      32 16 0      
49 40 0      32 17 0      
48 40 0      33 17 0      
47 40 0      34 17 0      
46 40 0      35 17 0      
45 40 0      36 17 0      
44 40 0      37 17 0      
43 40 0      38 17 0      
42 40 0      39 17 0      
41 40 0      40 17 0      
40 40 0      40 16 0      
39 40 0      40 15 0      
38 40 0      41 15 0      
37 40 0      42 15 0      
36 40 0      43 15 0      
35 40 0      43 16 0      
34 40 0      43 17 0      
33 40 0      43 18 0      
32 40 0      43 19 0      
31 40 0      43 20 0      
30 40 0      43 21 0      
29 40 0      43 22 0      
28 40 0      43 23 0      
27 40 0      43 24 0      
26 40 0      43 25 0      
25 40 0      42 25 0      
24 40 0      41 25 0      
23 40 0      40 25 0      
22 40 0      39 25 0      
21 40 0      38 25 0      
20 40 0      37 25 0      
19 40 0      37 24 0      
18 40 0      37 23 0      
17 40 0      37 22 0      
16 40 0      37 21 0      
15 40 0      37 20 0      
14 40 0      37 19 0      
13 40 0      37 18 0      
12 40 0      37 17 0      
11 40 0      37 16 0      
10 40 0      36 16 0      
9 40 0      35 16 0      
8 40 0      34 16 0      
7 40 0      33 16 0      
6 40 0      32 16 0      
5 40 0      32 17 0      
4 40 0      32 18 0      
3 40 0      32 19 0      
2 40 0      32 20 0      
1 40 0      32 21 0      
0 40 0       32 21 1      
0 40 0       32 21 1      
50 40 0      32 22 0      
49 40 0      32 23 0      
48 40 0      32 24 0      
47 40 0      32 25 0      
46 40 0      32 26 0      
45 40 0      32 27 0      
44 40 0      32 28 0      
43 40 0      32 29 0      
42 40 0      32 30 0      
41 40 0      32 31 0      
40 40 0      32 32 0      
39 40 0      32 33 0      
38 40 0      33 33 0      
37 40 0      34 33 0      
36 40 0      35 33 0      
35 40 0      36 33 0      
34 40 0      37 33 0      
33 40 0      38 33 0      
32 40 0      39 33 0      
31 40 0       39 33 1      
31 40 0      40 33 0      
30 40 0      41 33 0      
29 40 0      42 33 0      
28 40 0      43 33 0      
27 40 0      43 32 0      
26 40 0      43 31 0      
25 40 0      42 31 0      
24 40 0      42 32 0      
23 40 0      42 33 0      
22 40 0      42 34 0      
21 40 0      41 34 0      
20 40 0      40 34 0      
19 40 0      39 34 0      
18 40 0      38 34 0      
17 40 0      38 33 0      
16 40 0      38 32 0      
15 40 0      38 31 0      
14 40 0      38 30 0      
13 40 0      38 29 0      
12 40 0      38 28 0      
11 40 0      38 27 0      
10 40 0      38 26 0      
9 40 0      38 25 0      
8 40 0      38 24 0      
7 40 0      38 23 0      
6 40 0      38 22 0      
5 40 0      38 21 0      
4 40 0      38 20 0      
3 40 0      38 19 0      
2 40 0      38 18 0      
1 40 0      38 17 0      
50 40 0      38 16 0      
49 40 0      38 15 0      
48 40 0      38 14 0      
47 40 0      38 13 0      
46 40 0      38 12 0      
45 40 0      38 11 0      
44 40 0      38 10 0      
43 40 0      38 9 0      
42 40 0       38 9 1      
42 40 0      38 8 0      
41 40 0      38 7 0      
40 40 0      38 6 0      
39 40 0      38 5 0      
38 40 0      38 4 0      
37 40 0      38 3 0      
36 40 0      38 52 0      
35 40 0      38 51 0      
34 40 0      38 50 0      
33 40 0      38 49 0      
32 40 0      38 48 0      
31 40 0      38 47 0      
30 40 0      38 46 0      
29 40 0      38 45 0      
28 40 0      38 44 0      
27 40 0      38 43 0      
26 40 0      38 42 0      
25 40 0      38 41 0      
24 40 0      38 40 0      
23 40 0      38 39 0      
22 40 0      38 38 0      
21 40 0      38 37 0      
20 40 0      38 36 0      
19 40 0      39 36 0      
18 40 0      40 36 0      
17 40 0      41 36 0      
16 40 0      42 36 0      
15 40 0      43 36 0      
14 40 0      44 36 0      
13 40 0      45 36 0      
12 40 0      46 36 0      
11 40 0      47 36 0      
10 40 0      48 36 0      
9 40 0      49 36 0      
8 40 0      0 36 0      
7 40 0      1 36 0      
6 40 0      2 36 0      
5 40 0      3 36 0      
4 40 0      4 36 0      
