10 40 0      40 20 0      
9 40 0      40 21 0      
8 40 0      40 22 0      
7 40 0      40 23 0      
6 40 0      39 23 0      
5 40 0      38 23 0      
4 40 0      37 23 0      
3 40 0      36 23 0      
2 40 0      35 23 0      
1 40 0      34 23 0      
50 40 0      33 23 0      
49 40 0       33 23 1      
49 40 0      32 23 0      
48 40 0      31 23 0      
47 40 0      30 23 0      
46 40 0       30 23 1      
46 40 0      29 23 0      
45 40 0      28 23 0      
44 40 0      27 23 0      
43 40 0      26 23 0      
42 40 0      25 23 0      
41 40 0      24 23 0      
40 40 1      23 23 0      
39 40 0      23 22 0      
38 40 0      23 21 0      
37 40 0      23 20 0      
36 40 0      23 19 0      
35 40 0      23 18 0      
34 40 0      23 17 0      
33 40 0      23 16 0      
32 40 0      23 15 0      
31 40 0      23 14 0      
30 40 0      23 13 0      
29 40 0      23 12 0      
28 40 0      23 11 0      
27 40 0      23 10 0      
26 40 0      23 9 0      
25 40 0       23 9 1      
25 40 0      23 8 0      
24 40 0      23 7 0      
23 40 0      23 6 0      
22 40 0      23 5 0      
21 40 0      23 4 0      
20 40 0      23 3 0      
19 40 0      23 52 0      
18 40 0      23 51 0      
17 40 0      23 50 0      
16 40 0      23 49 0      
15 40 0      23 48 0      
14 40 0      23 47 0      
13 40 0      23 46 0      
12 40 0      23 45 0      
11 40 0      23 44 0      
10 40 0      23 43 0      
9 40 0      23 42 0      
8 40 0      23 41 0      
7 40 0      23 40 0      
6 40 0      23 39 0      
5 40 0      23 38 0      
4 40 0      23 37 0      
3 40 0      23 36 0      
2 40 0      23 35 0      
1 40 0      23 34 0      
50 40 0      22 34 0      
49 40 0      21 34 0      
48 40 0      20 34 0      
47 40 0      19 34 0      
46 40 0      18 34 0      
45 40 0      17 34 0      
44 40 0      16 34 0      
43 40 0      15 34 0      
42 40 0      14 34 0      
41 40 0      13 34 0      
40 40 0      12 34 0      
39 40 0      11 34 0      
38 40 0      10 34 0      
37 40 0      9 34 0      
36 40 0      8 34 0      
35 40 0      8 35 0      
34 40 0      7 35 0      
33 40 0      6 35 0      
32 40 0      5 35 0      
31 40 0      4 35 0      
30 40 0       4 35 1      
30 40 0      3 35 0      
29 40 0      2 35 0      
28 40 0      1 35 0      
27 40 0      0 35 0      
26 40 0      49 35 0      
25 40 0      48 35 0      
24 40 0      47 35 0      
23 40 0      46 35 0      
22 40 0      45 35 0      
21 40 0      44 35 0      
20 40 0      43 35 0      
19 40 0      42 35 0      
18 40 0      41 35 0      
17 40 0      40 35 0      
16 40 0      39 35 0      
15 40 0      38 35 0      
14 40 0      37 35 0      
13 40 0      36 35 0      
12 40 0      35 35 0      
11 40 0       35 35 1      
11 40 0      34 35 0      
10 40 0      33 35 0      
9 40 0      32 35 0      
8 40 0      31 35 0      
7 40 0      30 35 0      
6 40 0      29 35 0      
5 40 0      28 35 0      
4 40 0      27 35 0      
3 40 0      26 35 0      
2 40 0      25 35 0      
1 40 0      25 34 0      
50 40 0      25 33 0      
49 40 0      25 32 0      
48 40 0      25 31 0      
47 40 0      25 30 0      
46 40 0      25 29 0      
45 40 0      25 28 0      
44 40 0      25 27 0      
43 40 0      25 26 0      
42 40 0      25 25 0      
41 40 0      25 24 0      
40 40 0      25 23 0      
39 40 0      25 22 0      
38 40 0      25 21 0      
37 40 0      25 20 0      
36 40 0      25 19 0      
35 40 0      25 18 0      
34 40 0      25 17 0      
33 40 0      25 16 0      
32 40 0      25 15 0      
31 40 0      25 14 0      
30 40 0      25 13 0      
29 40 0      25 12 0      
28 40 0      25 11 0      
27 40 0      24 11 0      
26 40 0      23 11 0      
25 40 0      23 12 0      
24 40 0      23 13 0      
23 40 0      23 14 0      
22 40 0      23 15 0      
21 40 0      23 16 0      
20 40 0      23 17 0      
19 40 0      23 18 0      
18 40 0      23 19 0      
17 40 0      23 20 0      
16 40 0      23 21 0      
15 40 0      24 21 0      
14 40 0      25 21 0      
13 40 0      26 21 0      
12 40 0      27 21 0      
11 40 0      28 21 0      
10 40 0      29 21 0      
9 40 0      30 21 0      
8 40 0      31 21 0      
7 40 0      32 21 0      
6 40 0      33 21 0      
5 40 0      33 20 0      
4 40 0      33 19 0      
3 40 0      33 18 0      
2 40 0      32 18 0      
1 40 0      31 18 0      
50 40 0      30 18 0      
49 40 0      29 18 0      
48 40 0      28 18 0      
47 40 0      27 18 0      
46 40 0      26 18 0      
45 40 0      25 18 0      
44 40 0      24 18 0      
43 40 0      23 18 0      
42 40 0      22 18 0      
41 40 0      21 18 0      
40 40 0      20 18 0      
39 40 0      19 18 0      
38 40 0      18 18 0      
37 40 0      17 18 0      
36 40 0      16 18 0      
35 40 0      15 18 0      
34 40 0       15 18 1      
34 40 0      14 18 0      
33 40 0      14 19 0      
32 40 0      14 20 0      
31 40 0      14 21 0      
30 40 0      15 21 0      
29 40 0      16 21 0      
28 40 0      16 20 0      
27 40 0      16 19 0      
26 40 0      16 18 0      
25 40 0      16 17 0      
24 40 0      16 16 0      
23 40 0      16 15 0      
22 40 0      16 14 0      
21 40 0      15 14 0      
20 40 0       15 14 1      
20 40 0      14 14 0      
19 40 0      13 14 0      
18 40 0      12 14 0      
17 40 0      11 14 0      
16 40 0      10 14 0      
15 40 0      9 14 0      
14 40 0      9 13 0      
13 40 0      9 12 0      
12 40 0      9 11 0      
11 40 0      9 10 0      
10 40 0      9 9 0      
9 40 0      9 8 0      
8 40 0      10 8 0      
7 40 0      11 8 0      
6 40 0      12 8 0      
5 40 0      12 9 0      
4 40 0      12 10 0      
3 40 0      12 11 0      
2 40 0      11 11 0      
1 40 0      11 12 0      
50 40 0      11 13 0      
49 40 0      11 14 0      
48 40 0      11 15 0      
47 40 0      11 16 0      
46 40 0      11 17 0      
45 40 0      10 17 0      
44 40 0      9 17 0      
43 40 0      8 17 0      
42 40 0      7 17 0      
41 40 0      6 17 0      
40 40 0      5 17 0      
39 40 0      4 17 0      
38 40 0      3 17 0      
37 40 0      2 17 0      
36 40 0      1 17 0      
35 40 0      0 17 0      
34 40 0      49 17 0      
33 40 0      48 17 0      
32 40 0      47 17 0      
31 40 0      46 17 0      
30 40 0      45 17 0      
29 40 0       45 17 1      
29 40 0       45 17 1      
29 40 0      45 16 0      
28 40 0      45 15 0      
27 40 0      45 14 0      
26 40 0      45 13 0      
25 40 0      45 12 0      
24 40 0      45 11 0      
23 40 0      45 10 0      
22 40 0      45 9 0      
21 40 0      45 8 0      
20 40 0       45 8 1      
20 40 0      45 7 0      
19 40 0       45 7 1      
19 40 0      45 6 0      
18 40 0      46 6 0      
17 40 0      47 6 0      
16 40 0      48 6 0      
15 40 0      49 6 0      
14 40 0      0 6 0      
13 40 0      0 5 0      
12 40 0      0 4 0      
11 40 0      0 3 0      
10 40 0      0 52 0      
9 40 0      1 52 0      
8 40 0      2 52 0      
7 40 0      3 52 0      
6 40 0      3 53 0      
5 40 0      3 3 0      
4 40 0      3 4 0      
3 40 0      3 5 0      
2 40 0      3 6 0      
1 40 0       3 6 1      
1 40 0      3 7 0      
50 40 0      2 7 0      
49 40 0      1 7 0      
48 40 0      0 7 0      
47 40 0      49 7 0      
46 40 0      48 7 0      
45 40 0      47 7 0      
44 40 0      46 7 0      
43 40 0      45 7 0      
42 40 0      44 7 0      
41 40 0      43 7 0      
40 40 0      42 7 0      
39 40 0      41 7 0      
38 40 0      40 7 0      
37 40 0      39 7 0      
36 40 0      38 7 0      
35 40 0      38 6 0      
34 40 0      38 5 0      
33 40 0      38 4 0      
32 40 0      38 3 0      
31 40 0      39 53 0      
30 40 0      40 53 0      
29 40 0      41 53 0      
28 40 0      42 53 0      
27 40 0      42 54 0      
26 40 0      42 3 0      
25 40 0      42 4 0      
24 40 0      42 5 0      
23 40 0      43 5 0      
22 40 0      44 5 0      
21 40 0      45 5 0      
20 40 0      46 5 0      
19 40 0      47 5 0      
18 40 0      48 5 0      
17 40 0      49 5 0      
16 40 0      0 5 0      
15 40 0      1 5 0      
14 40 0      2 5 0      
13 40 0      3 5 0      
12 40 0      3 6 0      
11 40 0      3 7 0      
10 40 0      3 8 0      
9 40 0      3 9 0      
8 40 0      4 9 0      
7 40 0      5 9 0      
6 40 0      5 10 0      
5 40 0      5 11 0      
4 40 0      5 12 0      
3 40 0      5 13 0      
2 40 0      5 14 0      
1 40 0      5 15 0      
50 40 0      6 15 0      
49 40 0       6 15 1      
49 40 0      7 15 0      
48 40 0      8 15 0      
47 40 0      8 14 0      
46 40 0      8 13 0      
45 40 0      8 12 0      
44 40 0      8 11 0      
43 40 0      7 11 0      
42 40 0      6 11 0      
41 40 0      5 11 0      
40 40 0      4 11 0      
39 40 0      3 11 0      
38 40 0      3 12 0      
37 40 0      3 13 0      
36 40 0      3 14 0      
35 40 0      3 15 0      
34 40 0      3 16 0      
33 40 0      3 17 0      
32 40 0      3 18 0      
31 40 0      3 19 0      
30 40 0      2 19 0      
29 40 0      1 19 0      
28 40 0      0 19 0      
27 40 0      49 19 0      
26 40 0      49 20 0      
25 40 0       49 20 1      
25 40 0      49 21 0      
24 40 0      49 22 0      
23 40 0      49 23 0      
22 40 0      49 24 0      
21 40 0      49 25 0      
20 40 0      49 26 0      
19 40 0       49 26 1      
19 40 0      49 27 0      
18 40 0      49 28 0      
17 40 0      49 29 0      
16 40 0      49 30 0      
15 40 0      49 31 0      
14 40 0      49 32 0      
13 40 0       49 32 1      
13 40 0      49 33 0      
12 40 0      49 34 0      
11 40 0      49 35 0      
10 40 0      49 36 0      
9 40 0       49 36 1      
9 40 0      49 37 0      
8 40 0      49 38 0      
7 40 0      49 39 0      
6 40 0      49 40 0      
5 40 0      49 41 0      
4 40 0      49 42 0      
3 40 0      49 43 0      
2 40 0      49 44 0      
1 40 0      50 44 0      
50 40 0      0 44 0      
49 40 0      1 44 0      
48 40 0      2 44 0      
47 40 0      3 44 0      
46 40 0      4 44 0      
45 40 0      5 44 0      
44 40 0      6 44 0      
43 40 0      7 44 0      
42 40 0      8 44 0      
41 40 0      9 44 0      
40 40 0      10 44 0      
39 40 0       10 44 1      
39 40 0      11 44 0      
38 40 0      12 44 0      
37 40 0      12 43 0      
36 40 0      12 42 0      
35 40 0      12 41 0      
34 40 0      12 40 0      
33 40 0      13 40 0      
32 40 0      14 40 0      
31 40 0      14 39 0      
30 40 0      14 38 0      
29 40 0      14 37 0      
28 40 0      14 36 0      
27 40 0      13 36 0      
26 40 0      12 36 0      
25 40 0      11 36 0      
24 40 0      10 36 0      
23 40 0      10 37 0      
22 40 0      10 38 0      
21 40 0      11 38 0      
20 40 0      12 38 0      
19 40 0      13 38 0      
18 40 0      14 38 0      
17 40 0      15 38 0      
16 40 0      16 38 0      
15 40 0      17 38 0      
14 40 0      18 38 0      
13 40 0      19 38 0      
12 40 0      20 38 0      
11 40 0      21 38 0      
10 40 0      22 38 0      
9 40 0      23 38 0      
8 40 0      24 38 0      
7 40 0      25 38 0      
6 40 0      26 38 0      
5 40 0      27 38 0      
4 40 0       27 38 1      
4 40 0      28 38 0      
3 40 0      29 38 0      
2 40 0      30 38 0      
1 40 0      31 38 0      
50 40 0      32 38 0      
49 40 0      33 38 0      
48 40 0      34 38 0      
47 40 0      35 38 0      
46 40 0      36 38 0      
45 40 0      37 38 0      
44 40 0      38 38 0      
43 40 0      39 38 0      
42 40 0      39 39 0      
41 40 0      39 40 0      
40 40 0      39 41 0      
39 40 0      40 41 0      
38 40 0      41 41 0      
37 40 0      42 41 0      
36 40 0      43 41 0      
35 40 0      44 41 0      
34 40 0      45 41 0      
33 40 0      46 41 0      
32 40 0      47 41 0      
31 40 0      48 41 0      
30 40 0      49 41 0      
29 40 0      0 41 0      
28 40 0      1 41 0      
27 40 0      2 41 0      
26 40 0      3 41 0      
25 40 0      4 41 0      
24 40 0      5 41 0      
23 40 0      6 41 0      
22 40 0      7 41 0      
21 40 0      7 42 0      
20 40 0      7 43 0      
19 40 0      7 44 0      
18 40 0      8 44 0      
17 40 0      9 44 0      
16 40 0      10 44 0      
15 40 0      10 45 0      
14 40 0      10 46 0      
13 40 0      10 47 0      
12 40 0      10 48 0      
11 40 0      10 49 0      
10 40 0      10 50 0      
9 40 0      10 51 0      
8 40 0      10 52 0      
7 40 0      10 3 0      
6 40 0      10 4 0      
5 40 0      10 5 0      
4 40 0      10 6 0      
3 40 0      10 7 0      
2 40 0      10 8 0      
1 40 0      10 9 0      
50 40 0      10 10 0      
49 40 0      10 11 0      
48 40 0      10 12 0      
47 40 0      9 12 0      
46 40 0      8 12 0      
45 40 0      7 12 0      
44 40 0       7 12 1      
44 40 0      7 13 0      
43 40 0      7 14 0      
42 40 0      7 15 0      
41 40 0      8 15 0      
40 40 0      9 15 0      
39 40 0       9 15 1      
39 40 0      10 15 0      
38 40 0      11 15 0      
37 40 0      12 15 0      
36 40 0      13 15 0      
35 40 0      14 15 0      
34 40 0      15 15 0      
33 40 0      16 15 0      
32 40 0      16 14 0      
31 40 0      17 14 0      
30 40 0      17 15 0      
29 40 0      17 16 0      
28 40 0      17 17 0      
27 40 0      17 18 0      
26 40 0      17 19 0      
25 40 0      17 20 0      
24 40 0      16 20 0      
23 40 0      15 20 0      
22 40 0      14 20 0      
21 40 0      13 20 0      
20 40 0      12 20 0      
19 40 0      11 20 0      
18 40 0      10 20 0      
17 40 0      9 20 0      
16 40 0      8 20 0      
15 40 0      7 20 0      
14 40 0      6 20 0      
13 40 0      5 20 0      
12 40 0      4 20 0      
11 40 0      3 20 0      
10 40 0      3 19 0      
9 40 0      3 18 0      
8 40 0      3 17 0      
7 40 0      3 16 0      
6 40 0      3 15 0      
5 40 0      3 14 0      
4 40 0      3 13 0      
3 40 0      3 12 0      
2 40 0      3 11 0      
1 40 0      3 10 0      
50 40 0      3 9 0      
49 40 0      3 8 0      
48 40 0      3 7 0      
47 40 0      3 6 0      
46 40 0      3 5 0      
45 40 0      3 4 0      
44 40 0      3 3 0      
43 40 0      3 52 0      
42 40 0      3 51 0      
41 40 0      3 50 0      
40 40 0      3 49 0      
39 40 0      4 49 0      
38 40 0      5 49 0      
37 40 0      6 49 0      
36 40 0      7 49 0      
35 40 0      8 49 0      
34 40 0      9 49 0      
33 40 0      10 49 0      
32 40 0      11 49 0      
31 40 0      12 49 0      
30 40 0      13 49 0      
29 40 0      13 50 0      
28 40 0      12 50 0      
27 40 0      11 50 0      
26 40 0      10 50 0      
25 40 0      9 50 0      
24 40 0      9 49 0      
23 40 0      9 48 0      
22 40 0      9 47 0      
21 40 0      9 46 0      
20 40 0      9 45 0      
19 40 0       9 45 1      
19 40 0      9 44 0      
18 40 0      9 43 0      
17 40 0      9 42 0      
16 40 0      9 41 0      
15 40 0      9 40 0      
14 40 0      9 39 0      
13 40 0       9 39 1      
13 40 0      9 38 0      
12 40 0      9 37 0      
11 40 0      9 36 0      
10 40 0      9 35 0      
9 40 0      9 34 0      
8 40 0      9 33 0      
7 40 0      9 32 0      
6 40 0      9 31 0      
5 40 0      9 30 0      
4 40 0      9 29 0      
3 40 0      9 28 0      
2 40 0      9 27 0      
1 40 0      9 26 0      
50 40 0      9 25 0      
49 40 0      9 24 0      
48 40 0      9 23 0      
47 40 0      9 22 0      
46 40 0      9 21 0      
45 40 0      9 20 0      
44 40 0      9 19 0      
43 40 0      9 18 0      
42 40 0      9 17 0      
41 40 0      9 16 0      
40 40 0      9 15 0      
39 40 0      9 14 0      
38 40 0      9 13 0      
37 40 0      9 12 0      
36 40 0      9 11 0      
35 40 0      9 10 0      
34 40 0      9 9 0      
33 40 0      9 8 0      
32 40 0      9 7 0      
31 40 0      10 7 0      
30 40 0      11 7 0      
29 40 0      12 7 0      
28 40 0      13 7 0      
27 40 0      14 7 0      
26 40 0      15 7 0      
25 40 0      16 7 0      
24 40 0      17 7 0      
23 40 0      18 7 0      
22 40 0      19 7 0      
21 40 0      20 7 0      
20 40 0      21 7 0      
19 40 0      22 7 0      
18 40 0      23 7 0      
17 40 0      24 7 0      
16 40 0      25 7 0      
15 40 0      26 7 0      
14 40 0      27 7 0      
13 40 0       27 7 1      
13 40 0      28 7 0      
12 40 0      29 7 0      
11 40 0      30 7 0      
10 40 0      31 7 0      
9 40 0      32 7 0      
8 40 0      33 7 0      
7 40 0      34 7 0      
6 40 0      35 7 0      
5 40 0      35 6 0      
4 40 0      36 6 0      
3 40 0       36 6 1      
3 40 0      37 6 0      
2 40 0      38 6 0      
1 40 0      39 6 0      
50 40 0      40 6 0      
49 40 0      41 6 0      
48 40 0      42 6 0      
47 40 0      43 6 0      
46 40 0      44 6 0      
45 40 0      45 6 0      
44 40 0      46 6 0      
43 40 0      47 6 0      
42 40 0      48 6 0      
41 40 0      49 6 0      
40 40 0      0 6 0      
39 40 0      1 6 0      
38 40 0      2 6 0      
37 40 0      3 6 0      
36 40 0      3 7 0      
35 40 0      3 8 0      
34 40 0      3 9 0      
33 40 0      3 10 0      
32 40 0      3 11 0      
31 40 0      2 11 0      
30 40 0      1 11 0      
29 40 0      0 11 0      
28 40 0      50 12 0      
27 40 0      50 13 0      
26 40 0      50 14 0      
25 40 0      50 15 0      
24 40 0      49 15 0      
23 40 0      48 15 0      
22 40 0      47 15 0      
21 40 0      47 16 0      
20 40 0      47 17 0      
19 40 0      47 18 0      
18 40 0      47 19 0      
17 40 0      47 20 0      
16 40 0      47 21 0      
15 40 0      47 22 0      
14 40 0      47 23 0      
13 40 0      47 24 0      
12 40 0      47 25 0      
11 40 0      47 26 0      
10 40 0      47 27 0      
9 40 0      47 28 0      
8 40 0      47 29 0      
7 40 0      47 30 0      
6 40 0      47 31 0      
5 40 0      47 32 0      
4 40 0      47 33 0      
3 40 0      47 34 0      
2 40 0      47 35 0      
1 40 0      47 36 0      
50 40 0      47 37 0      
49 40 0      47 38 0      
48 40 0      47 39 0      
47 40 0      47 40 0      
46 40 0      47 41 0      
45 40 0      47 42 0      
44 40 0      47 43 0      
43 40 0      47 44 0      
42 40 0      47 45 0      
41 40 0      47 46 0      
40 40 0      47 47 0      
39 40 0      47 48 0      
38 40 0      47 49 0      
37 40 0      47 50 0      
36 40 0      47 51 0      
35 40 0      47 52 0      
34 40 0      47 3 0      
33 40 0      47 4 0      
32 40 0      47 5 0      
31 40 0      47 6 0      
30 40 0      47 7 0      
29 40 0      47 8 0      
28 40 0      47 9 0      
27 40 0      47 10 0      
26 40 0      46 10 0      
25 40 0      45 10 0      
24 40 0      44 10 0      
23 40 0       44 10 1      
23 40 0      44 11 0      
22 40 0      44 12 0      
21 40 0      44 13 0      
20 40 0      44 14 0      
19 40 0      44 15 0      
18 40 0      44 16 0      
17 40 0      44 17 0      
16 40 0      44 18 0      
15 40 0      44 19 0      
14 40 0      44 20 0      
13 40 0      44 21 0      
12 40 0      44 22 0      
11 40 0       44 22 1      
11 40 0      44 23 0      
10 40 0      44 24 0      
9 40 0      44 25 0      
8 40 0      44 26 0      
7 40 0      44 27 0      
6 40 0      44 28 0      
5 40 0      44 29 0      
4 40 0      44 30 0      
3 40 0      44 31 0      
2 40 0      43 31 0      
1 40 0       43 31 1      
1 40 0      42 31 0      
50 40 0      41 31 0      
49 40 0      40 31 0      
48 40 0       40 31 1      
48 40 0      39 31 0      
47 40 0      38 31 0      
46 40 0      37 31 0      
45 40 0      36 31 0      
44 40 0      35 31 0      
43 40 0      34 31 0      
42 40 0      33 31 0      
41 40 0      32 31 0      
40 40 0      31 31 0      
39 40 0      30 31 0      
38 40 0      29 31 0      
37 40 0      28 31 0      
36 40 0      27 31 0      
