10 40 0      40 20 0      
9 40 1      40 21 0      
8 40 0      40 22 0      
7 40 0      40 23 0      
6 40 0      40 24 0      
5 40 0      40 25 0      
4 40 0      39 25 0      
3 40 0      38 25 0      
2 40 0      37 25 0      
1 40 0      36 25 0      
50 40 0      35 25 0      
49 40 0      34 25 0      
48 40 0      33 25 0      
47 40 0      32 25 0      
46 40 0      31 25 0      
45 40 0      30 25 0      
44 40 0      29 25 0      
43 40 0      28 25 0      
42 40 0      27 25 0      
41 40 0      26 25 0      
40 40 0      25 25 0      
39 40 0      24 25 0      
38 40 0      23 25 0      
37 40 0      22 25 0      
36 40 0      21 25 0      
35 40 0      20 25 0      
34 40 0      19 25 0      
33 40 0      18 25 0      
32 40 0      17 25 0      
31 40 0      16 25 0      
30 40 0      15 25 0      
29 40 0      15 26 0      
28 40 0      14 26 0      
27 40 0      13 26 0      
26 40 0      12 26 0      
25 40 0      11 26 0      
24 40 0      10 26 0      
23 40 0      9 26 0      
22 40 0      8 26 0      
21 40 0      7 26 0      
20 40 0      6 26 0      
19 40 0      5 26 0      
18 40 0      4 26 0      
17 40 0      3 26 0      
16 40 0      2 26 0      
15 40 0      2 27 0      
14 40 0      2 28 0      
13 40 0      2 29 0      
12 40 0      2 30 0      
11 40 0      2 31 0      
10 40 0      2 32 0      
9 40 0      2 33 0      
8 40 0      2 34 0      
7 40 0      2 35 0      
6 40 0      2 36 0      
5 40 0      2 37 0      
4 40 0      2 38 0      
3 40 0      2 39 0      
2 40 0      2 40 0      
1 40 0      2 41 0      
50 40 0      2 42 0      
49 40 0      2 43 0      
48 40 0      2 44 0      
47 40 0      2 45 0      
46 40 0      2 46 0      
45 40 0      2 47 0      
44 40 0      2 48 0      
43 40 0      2 49 0      
42 40 0      2 50 0      
41 40 0      2 51 0      
40 40 0      2 52 0      
39 40 0      1 2 0      
38 40 0      0 2 0      
37 40 0      49 2 0      
36 40 0      48 2 0      
35 40 0      47 2 0      
34 40 0      46 2 0      
33 40 0      45 2 0      
32 40 0      44 2 0      
31 40 0      43 2 0      
30 40 0      42 2 0      
29 40 0      41 2 0      
28 40 0      40 2 0      
27 40 0      39 2 0      
26 40 0      38 2 0      
25 40 0      37 2 0      
24 40 0      36 2 0      
23 40 0      35 2 0      
22 40 0      34 2 0      
21 40 0      33 2 0      
20 40 0      32 2 0      
19 40 0      31 2 0      
18 40 0      30 2 0      
17 40 0      29 2 0      
16 40 0      28 2 0      
15 40 0      27 2 0      
14 40 0      26 2 0      
13 40 0      25 2 0      
12 40 0      25 1 0      
11 40 0      25 52 0      
10 40 0      25 51 0      
9 40 0      26 51 0      
8 40 0       26 51 1      
8 40 0      26 50 0      
7 40 0      26 49 0      
6 40 0      26 48 0      
5 40 0      26 47 0      
4 40 0      26 46 0      
3 40 0       26 46 1      
3 40 0      26 45 0      
2 40 0      26 44 0      
1 40 0      25 44 0      
50 40 0      24 44 0      
49 40 0      23 44 0      
48 40 0      22 44 0      
47 40 0      21 44 0      
46 40 0       21 44 1      
46 40 0      20 44 0      
45 40 0      19 44 0      
44 40 0       19 44 1      
44 40 0      18 44 0      
43 40 0      17 44 0      
42 40 0      16 44 0      
41 40 0      16 45 0      
40 40 0      16 46 0      
39 40 0      17 46 0      
38 40 0      18 46 0      
37 40 0      19 46 0      
36 40 0      19 47 0      
35 40 0      19 48 0      
34 40 0      19 49 0      
33 40 0      19 50 0      
32 40 0      19 51 0      
31 40 0      19 52 0      
30 40 0      19 3 0      
29 40 0      19 4 0      
28 40 0      19 5 0      
27 40 0      19 6 0      
26 40 0       19 6 1      
26 40 0      19 7 0      
25 40 0      19 8 0      
24 40 0      19 9 0      
23 40 0      19 10 0      
22 40 0      19 11 0      
21 40 0      19 12 0      
20 40 0      19 13 0      
19 40 0      18 13 0      
18 40 0      17 13 0      
17 40 0      16 13 0      
16 40 0      15 13 0      
15 40 0      14 13 0      
14 40 0      13 13 0      
13 40 0      12 13 0      
12 40 0      11 13 0      
11 40 0      10 13 0      
10 40 0      9 13 0      
9 40 0      9 12 0      
8 40 0      9 11 0      
7 40 0      9 10 0      
6 40 0      9 9 0      
5 40 0       9 9 1      
5 40 0      9 8 0      
4 40 0      9 7 0      
3 40 0      9 6 0      
2 40 0      10 6 0      
1 40 0      11 6 0      
50 40 0      11 7 0      
49 40 0      11 8 0      
48 40 0      11 9 0      
47 40 0      11 10 0      
46 40 0      11 11 0      
45 40 0      11 12 0      
44 40 0      11 13 0      
43 40 0      11 14 0      
42 40 0      11 15 0      
41 40 0      11 16 0      
40 40 0      11 17 0      
39 40 0      11 18 0      
38 40 0      11 19 0      
37 40 0      11 20 0      
36 40 0      11 21 0      
35 40 0      11 22 0      
34 40 0      12 22 0      
33 40 0      12 23 0      
32 40 0      12 24 0      
31 40 0      12 25 0      
30 40 0      11 25 0      
29 40 0      10 25 0      
28 40 0      9 25 0      
27 40 0      8 25 0      
26 40 0      7 25 0      
25 40 0      6 25 0      
24 40 0      5 25 0      
23 40 0      4 25 0      
22 40 0      3 25 0      
21 40 0      2 25 0      
20 40 0      1 25 0      
19 40 0      1 26 0      
18 40 0      1 27 0      
17 40 0      1 28 0      
16 40 0      1 29 0      
15 40 0      1 30 0      
14 40 0      1 31 0      
13 40 0      1 32 0      
12 40 0      1 33 0      
11 40 0      1 34 0      
10 40 0      1 35 0      
9 40 0      1 36 0      
8 40 0      0 36 0      
7 40 0      49 36 0      
6 40 0      48 36 0      
5 40 0      47 36 0      
4 40 0      46 36 0      
3 40 0      45 36 0      
2 40 0      44 36 0      
1 40 0      43 36 0      
50 40 0      42 36 0      
49 40 0      41 36 0      
48 40 0      41 37 0      
47 40 0      41 38 0      
46 40 0      41 39 0      
45 40 0      41 40 0      
44 40 0      41 41 0      
43 40 0      41 42 0      
42 40 0      41 43 0      
41 40 0      41 44 0      
40 40 0      41 45 0      
39 40 0      41 46 0      
38 40 0      41 47 0      
37 40 0      41 48 0      
36 40 0      41 49 0      
35 40 0      41 50 0      
34 40 0      41 51 0      
33 40 0      41 52 0      
32 40 0      41 3 0      
31 40 0      41 4 0      
30 40 0      41 5 0      
29 40 0      41 6 0      
28 40 0      41 7 0      
27 40 0      41 8 0      
26 40 0      41 9 0      
25 40 0      42 9 0      
24 40 0      43 9 0      
23 40 0      44 9 0      
22 40 0      45 9 0      
21 40 0      45 10 0      
20 40 0      45 11 0      
19 40 0      45 12 0      
18 40 0      45 13 0      
17 40 0      45 14 0      
16 40 0      45 15 0      
15 40 0      45 16 0      
14 40 0      45 17 0      
13 40 0      45 18 0      
12 40 0      45 19 0      
11 40 0      45 20 0      
10 40 0      45 21 0      
9 40 0       45 21 1      
9 40 0      45 22 0      
8 40 0      45 23 0      
7 40 0      45 24 0      
6 40 0       45 24 1      
6 40 0      45 25 0      
5 40 0      46 25 0      
4 40 0      47 25 0      
3 40 0      48 25 0      
2 40 0      49 25 0      
1 40 0      0 25 0      
50 40 0      1 25 0      
49 40 0      2 25 0      
48 40 0      3 25 0      
47 40 0      3 26 0      
46 40 0      3 27 0      
45 40 0      3 28 0      
44 40 0      3 29 0      
43 40 0      3 30 0      
42 40 0      2 30 0      
41 40 0      1 30 0      
40 40 0      0 30 0      
39 40 0      49 30 0      
38 40 0      48 30 0      
37 40 0      48 29 0      
36 40 0      48 28 0      
35 40 0      48 27 0      
34 40 0      48 26 0      
33 40 0      48 25 0      
32 40 0      48 24 0      
31 40 0      48 23 0      
30 40 0      48 22 0      
29 40 0      48 21 0      
28 40 0      48 20 0      
27 40 0      48 19 0      
26 40 0      48 18 0      
25 40 0      48 17 0      
24 40 0      49 17 0      
23 40 0      -1 16 0      
22 40 0      -1 15 0      
21 40 0      -1 14 0      
20 40 0      -1 13 0      
19 40 0      0 13 0      
18 40 0      1 13 0      
17 40 0      2 13 0      
16 40 0      3 13 0      
15 40 0      4 13 0      
14 40 0      5 13 0      
13 40 0      6 13 0      
12 40 0      7 13 0      
11 40 0      8 13 0      
10 40 0      8 14 0      
9 40 0      8 15 0      
8 40 0      8 16 0      
7 40 0      8 17 0      
6 40 0      8 18 0      
5 40 0      9 18 0      
4 40 0      10 18 0      
3 40 0       10 18 1      
3 40 0      11 18 0      
2 40 0      12 18 0      
1 40 0      13 18 0      
50 40 0      14 18 0      
49 40 0      15 18 0      
48 40 0      15 19 0      
47 40 0      15 20 0      
46 40 0      15 21 0      
45 40 0      15 22 0      
44 40 0      15 23 0      
43 40 0      15 24 0      
42 40 0      15 25 0      
41 40 0      15 26 0      
40 40 0      14 26 0      
39 40 0      13 26 0      
38 40 0      12 26 0      
37 40 0      11 26 0      
36 40 0      10 26 0      
35 40 0      9 26 0      
34 40 0      8 26 0      
33 40 0      7 26 0      
32 40 0      6 26 0      
31 40 0      6 25 0      
30 40 0      6 24 0      
29 40 0      6 23 0      
28 40 0      7 23 0      
27 40 0      8 23 0      
26 40 0      9 23 0      
25 40 0      10 23 0      
24 40 0      11 23 0      
23 40 0       11 23 1      
23 40 0      12 23 0      
22 40 0      13 23 0      
21 40 0       13 23 1      
21 40 0      14 23 0      
20 40 0       14 23 1      
20 40 0      14 24 0      
19 40 0      15 24 0      
18 40 0      16 24 0      
17 40 0      17 24 0      
16 40 0      17 25 0      
15 40 0      17 26 0      
14 40 0      17 27 0      
13 40 0      17 28 0      
12 40 0      17 29 0      
11 40 0      17 30 0      
10 40 0      17 31 0      
9 40 0       17 31 1      
9 40 0      17 32 0      
8 40 0      17 33 0      
7 40 0      17 34 0      
6 40 0      17 35 0      
5 40 0      17 36 0      
4 40 0      17 37 0      
3 40 0      17 38 0      
2 40 0       17 38 1      
2 40 0      16 38 0      
1 40 0      15 38 0      
50 40 0      14 38 0      
49 40 0      13 38 0      
48 40 0      12 38 0      
47 40 0      11 38 0      
46 40 0      10 38 0      
45 40 0      10 39 0      
44 40 0      10 40 0      
43 40 0      10 41 0      
42 40 0      10 42 0      
41 40 0      10 43 0      
40 40 0      11 43 0      
39 40 0      12 43 0      
38 40 0      13 43 0      
37 40 0      14 43 0      
36 40 0      15 43 0      
35 40 0      16 43 0      
34 40 0      17 43 0      
33 40 0      18 43 0      
32 40 0      18 42 0      
31 40 0      18 41 0      
30 40 0      19 41 0      
29 40 0      20 41 0      
28 40 0      21 41 0      
27 40 0      22 41 0      
26 40 0      23 41 0      
25 40 0      24 41 0      
24 40 0      25 41 0      
23 40 0      26 41 0      
22 40 0      27 41 0      
21 40 0      28 41 0      
20 40 0      29 41 0      
19 40 0      30 41 0      
18 40 0      31 41 0      
17 40 0      32 41 0      
16 40 0      33 41 0      
15 40 0      34 41 0      
14 40 0      35 41 0      
13 40 0      35 42 0      
12 40 0      35 43 0      
11 40 0      36 43 0      
10 40 0      37 43 0      
9 40 0      38 43 0      
8 40 0      39 43 0      
7 40 0      40 43 0      
6 40 0      41 43 0      
5 40 0      42 43 0      
4 40 0      43 43 0      
3 40 0      44 43 0      
2 40 0      45 43 0      
1 40 0      46 43 0      
50 40 0      47 43 0      
49 40 0      48 43 0      
48 40 0      49 43 0      
47 40 0      0 43 0      
46 40 0      0 44 0      
45 40 0      0 45 0      
44 40 0      0 46 0      
43 40 0      0 47 0      
42 40 0      0 48 0      
41 40 0      0 49 0      
40 40 0      -1 49 0      
39 40 0      49 49 0      
38 40 0      48 49 0      
37 40 0      47 49 0      
36 40 0      46 49 0      
35 40 0      45 49 0      
34 40 0      44 49 0      
33 40 0      43 49 0      
32 40 0      42 49 0      
31 40 0      41 49 0      
30 40 0      40 49 0      
29 40 0      39 49 0      
28 40 0      38 49 0      
27 40 0      37 49 0      
26 40 0      36 49 0      
25 40 0      35 49 0      
24 40 0      35 50 0      
23 40 0      35 51 0      
22 40 0      35 52 0      
21 40 0      35 3 0      
20 40 0      35 4 0      
19 40 0      35 5 0      
18 40 0      35 6 0      
17 40 0      35 7 0      
16 40 0      35 8 0      
15 40 0      35 9 0      
14 40 0      35 10 0      
13 40 0      35 11 0      
12 40 0      35 12 0      
11 40 0      35 13 0      
10 40 0      35 14 0      
9 40 0      35 15 0      
8 40 0      35 16 0      
7 40 0      35 17 0      
6 40 0      35 18 0      
5 40 0      35 19 0      
4 40 0      35 20 0      
3 40 0      35 21 0      
2 40 0      35 22 0      
1 40 0      35 23 0      
50 40 0      35 24 0      
49 40 0      35 25 0      
48 40 0      35 26 0      
47 40 0      35 27 0      
46 40 0      35 28 0      
45 40 0      35 29 0      
44 40 0      35 30 0      
43 40 0      35 31 0      
42 40 0      35 32 0      
41 40 0      35 33 0      
40 40 0      35 34 0      
39 40 0      35 35 0      
38 40 0      35 36 0      
37 40 0      35 37 0      
36 40 0      35 38 0      
35 40 0      35 39 0      
34 40 0      35 40 0      
33 40 0      35 41 0      
32 40 0      35 42 0      
31 40 0      35 43 0      
30 40 0      35 44 0      
29 40 0      35 45 0      
28 40 0      35 46 0      
27 40 0      34 46 0      
26 40 0      33 46 0      
25 40 0      32 46 0      
24 40 0      31 46 0      
23 40 0       31 46 1      
23 40 0      30 46 0      
22 40 0      29 46 0      
21 40 0      28 46 0      
20 40 0       28 46 1      
20 40 0      27 46 0      
19 40 0      26 46 0      
18 40 0      25 46 0      
17 40 0      25 45 0      
16 40 0      25 44 0      
15 40 0      25 43 0      
14 40 0      25 42 0      
13 40 0      24 42 0      
12 40 0      23 42 0      
11 40 0      22 42 0      
10 40 0      21 42 0      
9 40 0      20 42 0      
8 40 0      19 42 0      
7 40 0      18 42 0      
6 40 0      17 42 0      
5 40 0      16 42 0      
4 40 0      15 42 0      
3 40 0      14 42 0      
2 40 0      13 42 0      
1 40 0      12 42 0      
50 40 0      11 42 0      
49 40 0      10 42 0      
48 40 0      9 42 0      
47 40 0      8 42 0      
46 40 0      7 42 0      
45 40 0      7 41 0      
44 40 0      7 40 0      
43 40 0      7 39 0      
42 40 0      7 38 0      
41 40 0      7 37 0      
40 40 0       7 37 1      
40 40 0      7 36 0      
39 40 0      7 35 0      
38 40 0      7 34 0      
37 40 0      7 33 0      
36 40 0      7 32 0      
35 40 0      7 31 0      
34 40 0      7 30 0      
33 40 0      7 29 0      
32 40 0      7 28 0      
31 40 0      7 27 0      
30 40 0      7 26 0      
29 40 0      8 26 0      
28 40 0      9 26 0      
27 40 0      10 26 0      
26 40 0      11 26 0      
25 40 0      12 26 0      
24 40 0      13 26 0      
23 40 0      14 26 0      
22 40 0      15 26 0      
21 40 0      16 26 0      
20 40 0      16 27 0      
19 40 0      15 27 0      
18 40 0      14 27 0      
17 40 0      13 27 0      
16 40 0      12 27 0      
15 40 0      11 27 0      
14 40 0      10 27 0      
13 40 0      9 27 0      
12 40 0       9 27 1      
12 40 0      8 27 0      
11 40 0      7 27 0      
10 40 0      6 27 0      
9 40 0      5 27 0      
8 40 0      4 27 0      
7 40 0      3 27 0      
6 40 0      2 27 0      
5 40 0      1 27 0      
4 40 0      0 27 0      
3 40 0      49 27 0      
2 40 0      48 27 0      
1 40 0      47 27 0      
50 40 0      47 28 0      
49 40 0      47 29 0      
48 40 0      48 29 0      
47 40 0      48 28 0      
46 40 0      47 28 0      
45 40 0      46 28 0      
44 40 0      45 28 0      
43 40 0      44 28 0      
42 40 0      43 28 0      
41 40 0      42 28 0      
40 40 0      41 28 0      
39 40 0      40 28 0      
38 40 0      40 29 0      
37 40 0      40 30 0      
36 40 0      40 31 0      
35 40 0      40 32 0      
34 40 0      40 33 0      
33 40 0      40 34 0      
32 40 0      40 35 0      
31 40 0      39 35 0      
30 40 0      39 36 0      
29 40 0      39 37 0      
28 40 0      39 38 0      
27 40 0      39 39 0      
26 40 0      39 40 0      
25 40 0      39 41 0      
24 40 0      39 42 0      
23 40 0      39 43 0      
22 40 0      39 44 0      
21 40 0      39 45 0      
20 40 0      39 46 0      
19 40 0      39 47 0      
18 40 0      39 48 0      
17 40 0      40 48 0      
16 40 0      41 48 0      
15 40 0      42 48 0      
14 40 0       42 48 1      
14 40 0      43 48 0      
13 40 0      44 48 0      
12 40 0      45 48 0      
11 40 0      46 48 0      
10 40 0      46 47 0      
9 40 0      46 46 0      
8 40 0      46 45 0      
7 40 0      46 44 0      
6 40 0      46 43 0      
5 40 0      47 43 0      
4 40 0      48 43 0      
3 40 0      49 43 0      
2 40 0      0 43 0      
1 40 0      1 43 0      
50 40 0      2 43 0      
49 40 0      3 43 0      
48 40 0      4 43 0      
47 40 0      5 43 0      
46 40 0      6 43 0      
45 40 0      7 43 0      
44 40 0      8 43 0      
43 40 0      9 43 0      
42 40 0      10 43 0      
41 40 0      10 44 0      
40 40 0      10 45 0      
39 40 0      10 46 0      
38 40 0      10 47 0      
37 40 0      10 48 0      
36 40 0      10 49 0      
35 40 0      11 49 0      
34 40 0      12 49 0      
33 40 0      13 49 0      
32 40 0      14 49 0      
31 40 0      15 49 0      
30 40 0      16 49 0      
29 40 0      16 48 0      
28 40 0      16 47 0      
27 40 0      16 46 0      
26 40 0      16 45 0      
25 40 0      17 45 0      
24 40 0      18 45 0      
23 40 0      18 44 0      
22 40 0      18 43 0      
21 40 0      18 42 0      
20 40 0      18 41 0      
19 40 0      18 40 0      
18 40 0      19 40 0      
17 40 0      20 40 0      
16 40 0      21 40 0      
15 40 0      22 40 0      
14 40 0      23 40 0      
13 40 0      24 40 0      
12 40 0      25 40 0      
11 40 0      26 40 0      
10 40 0      27 40 0      
9 40 0      27 39 0      
8 40 0      28 39 0      
7 40 0      29 39 0      
6 40 0      30 39 0      
5 40 0      31 39 0      
4 40 0      32 39 0      
3 40 0       32 39 1      
3 40 0      33 39 0      
2 40 0      34 39 0      
1 40 0      34 38 0      
50 40 0      34 37 0      
49 40 0      34 36 0      
48 40 0      34 35 0      
47 40 0      34 34 0      
46 40 0      34 33 0      
45 40 0       34 33 1      
45 40 0       34 33 1      
45 40 0      34 32 0      
44 40 0      34 31 0      
43 40 0      34 30 0      
42 40 0      34 29 0      
41 40 0      34 28 0      
40 40 0      34 27 0      
39 40 0      34 26 0      
38 40 0      34 25 0      
37 40 0      34 24 0      
36 40 0      34 23 0      
35 40 0      34 22 0      
34 40 0      34 21 0      
33 40 0      34 20 0      
32 40 0      34 19 0      
31 40 0      34 18 0      
30 40 0      34 17 0      
29 40 0      34 16 0      
28 40 0      34 15 0      
27 40 0      34 14 0      
26 40 0      34 13 0      
25 40 0      34 12 0      
24 40 0      34 11 0      
23 40 0      34 10 0      
22 40 0      33 10 0      
21 40 0      32 10 0      
20 40 0      31 10 0      
19 40 0      30 10 0      
18 40 0      29 10 0      
17 40 0      28 10 0      
16 40 0      28 9 0      
15 40 0      28 8 0      
14 40 0      28 7 0      
13 40 0      28 6 0      
12 40 0      28 5 0      
11 40 0      28 4 0      
10 40 0      28 3 0      
9 40 0      28 52 0      
8 40 0      28 51 0      
7 40 0      28 50 0      
6 40 0      28 49 0      
5 40 0      29 49 0      
4 40 0      30 49 0      
3 40 0      31 49 0      
2 40 0      32 49 0      
1 40 0      33 49 0      
50 40 0      34 49 0      
49 40 0      35 49 0      
48 40 0      36 49 0      
47 40 0      37 49 0      
46 40 0      38 49 0      
45 40 0      39 49 0      
44 40 0      40 49 0      
43 40 0      41 49 0      
42 40 0      42 49 0      
41 40 0      43 49 0      
40 40 0      44 49 0      
39 40 0      44 50 0      
38 40 0      44 51 0      
37 40 0      44 52 0      
36 40 0      44 3 0      
35 40 0      44 4 0      
34 40 0      44 5 0      
33 40 0      44 6 0      
32 40 0      45 6 0      
31 40 0      46 6 0      
30 40 0      47 6 0      
29 40 0      48 6 0      
28 40 0      49 6 0      
27 40 0      0 6 0      
26 40 0      1 6 0      
25 40 0       1 6 1      
25 40 0      2 6 0      
24 40 0      3 6 0      
23 40 0      4 6 0      
22 40 0      4 5 0      
21 40 0      4 4 0      
20 40 0      4 3 0      
19 40 0      4 52 0      
18 40 0      3 52 0      
17 40 0      2 52 0      
16 40 0      1 52 0      
15 40 0      1 51 0      
14 40 0      1 50 0      
13 40 0      1 49 0      
12 40 0      1 48 0      
11 40 0      1 47 0      
10 40 0      1 46 0      
9 40 0       1 46 1      
9 40 0      1 45 0      
8 40 0      1 44 0      
7 40 0      1 43 0      
6 40 0      1 42 0      
5 40 0      0 42 0      
4 40 0      49 42 0      
3 40 0      48 42 0      
2 40 0      47 42 0      
1 40 0      46 42 0      
50 40 0      45 42 0      
49 40 0      44 42 0      
48 40 0      43 42 0      
47 40 0       43 42 1      
47 40 0      42 42 0      
46 40 0      41 42 0      
45 40 0      40 42 0      
44 40 0      40 43 0      
43 40 0      40 44 0      
42 40 0      40 45 0      
41 40 0      40 46 0      
40 40 0      39 46 0      
39 40 0      38 46 0      
38 40 0      37 46 0      
37 40 0      36 46 0      
36 40 0      35 46 0      
35 40 0      34 46 0      
34 40 0      33 46 0      
33 40 0      32 46 0      
32 40 0      31 46 0      
31 40 0      31 45 0      
30 40 0      31 44 0      
29 40 0      31 43 0      
28 40 0      31 42 0      
27 40 0      30 42 0      
26 40 0      29 42 0      
25 40 0      28 42 0      
24 40 0      27 42 0      
23 40 0      27 43 0      
22 40 0      27 44 0      
21 40 0      27 45 0      
20 40 0      27 46 0      
19 40 0      27 47 0      
18 40 0      27 48 0      
17 40 0      27 49 0      
16 40 0      27 50 0      
15 40 0      27 51 0      
14 40 0      27 52 0      
13 40 0      27 3 0      
12 40 0      27 4 0      
11 40 0      27 5 0      
10 40 0      27 6 0      
9 40 0      27 7 0      
8 40 0      27 8 0      
