10 40 0      40 20 0      
9 40 1      39 20 0      
8 40 0      38 20 0      
7 40 0      37 20 0      
6 40 0      36 20 0      
5 40 0      35 20 0      
4 40 0      34 20 0      
3 40 0      33 20 0      
2 40 0      32 20 0      
1 40 0      31 20 0      
50 40 0      31 21 0      
49 40 0      31 22 0      
48 40 0      31 23 0      
47 40 1      31 24 0      
46 40 0      31 25 0      
45 40 0      31 26 0      
44 40 0      31 27 0      
43 40 0      31 28 0      
42 40 0      31 29 0      
41 40 0      31 30 0      
40 40 0      31 31 0      
39 40 0      31 32 0      
38 40 0       31 32 1      
38 40 0      32 32 0      
37 40 0      33 32 0      
36 40 0      34 32 0      
35 40 0      35 32 0      
34 40 0      36 32 0      
33 40 0      37 32 0      
32 40 0      38 32 0      
31 40 0      38 31 0      
30 40 0      38 30 0      
29 40 0      38 29 0      
28 40 0      38 28 0      
27 40 1      38 27 0      
26 40 0      37 27 0      
25 40 0      36 27 0      
24 40 0      35 27 0      
23 40 0      34 27 0      
22 40 0      33 27 0      
21 40 0       33 27 1      
21 40 0      32 27 0      
20 40 0       32 27 1      
20 40 0      31 27 0      
19 40 0      30 27 0      
18 40 0      29 27 0      
17 40 0      28 27 0      
16 40 0      28 28 0      
15 40 1      28 29 0      
14 40 0      28 30 0      
13 40 0      28 31 0      
12 40 0      28 32 0      
11 40 1      28 33 0      
10 40 0      28 34 0      
9 40 0      28 35 0      
8 40 0      28 36 0      
7 40 0      28 37 0      
6 40 0      29 37 0      
5 40 0      30 37 0      
4 40 0      31 37 0      
3 40 0      32 37 0      
2 40 0       32 37 1      
2 40 0      33 37 0      
10 40 0      40 20 0      
9 40 0      40 21 0      
8 40 0      40 22 0      
7 40 0      40 23 0      
6 40 0      39 23 0      
5 40 0      38 23 0      
4 40 0      37 23 0      
3 40 0      36 23 0      
2 40 0      35 23 0      
1 40 0      34 23 0      
50 40 0      33 23 0      
49 40 0      32 23 0      
48 40 0      31 23 0      
47 40 0      30 23 0      
46 40 0      29 23 0      
45 40 0      29 22 0      
44 40 0      29 21 0      
43 40 0      29 20 0      
42 40 0      29 19 0      
41 40 0      29 18 0      
40 40 0      29 17 0      
39 40 0      29 16 0      
38 40 0       29 16 1      
38 40 0      29 15 0      
37 40 0      29 14 0      
36 40 0      29 13 0      
35 40 1      29 12 0      
34 40 0      29 11 0      
33 40 0      29 10 0      
32 40 0      29 9 0      
31 40 0      29 8 0      
30 40 0      28 8 0      
29 40 0      27 8 0      
28 40 0      26 8 0      
27 40 0      25 8 0      
26 40 0      24 8 0      
25 40 0      24 9 0      
24 40 0      24 10 0      
23 40 0      24 11 0      
22 40 0      24 12 0      
21 40 0      24 13 0      
20 40 0      24 14 0      
19 40 0      24 15 0      
18 40 0      24 16 0      
17 40 0      24 17 0      
16 40 0      24 18 0      
15 40 0      24 19 0      
14 40 0      23 19 0      
13 40 0      23 18 0      
12 40 0      23 17 0      
11 40 0       23 17 1      
11 40 0      23 16 0      
10 40 0      23 15 0      
9 40 0      23 14 0      
8 40 0      23 13 0      
7 40 0      23 12 0      
6 40 0      22 12 0      
5 40 0      21 12 0      
4 40 0      20 12 0      
3 40 0      19 12 0      
2 40 0      18 12 0      
1 40 0      17 12 0      
50 40 0      16 12 0      
49 40 0      15 12 0      
48 40 0      14 12 0      
47 40 0       14 12 1      
47 40 0      14 13 0      
46 40 0      14 14 0      
45 40 0      14 15 0      
44 40 0      14 16 0      
43 40 0      14 17 0      
42 40 0      14 18 0      
41 40 0      14 19 0      
40 40 0      14 20 0      
39 40 0      14 21 0      
38 40 0      14 22 0      
37 40 0      14 23 0      
36 40 0      14 24 0      
35 40 0      14 25 0      
34 40 0      14 26 0      
33 40 0      14 27 0      
32 40 0      14 28 0      
31 40 0      14 29 0      
30 40 0      14 30 0      
29 40 0      14 31 0      
28 40 0      14 32 0      
27 40 0      14 33 0      
26 40 0      13 33 0      
25 40 0      12 33 0      
24 40 0      11 33 0      
23 40 0      10 33 0      
22 40 0      9 33 0      
21 40 0      8 33 0      
20 40 0      8 34 0      
19 40 0      8 35 0      
18 40 0      8 36 0      
17 40 0       8 36 1      
17 40 0      8 37 0      
16 40 0      8 38 0      
15 40 0      8 39 0      
14 40 0       8 39 1      
14 40 0      8 40 0      
13 40 0      8 41 0      
12 40 0      8 42 0      
11 40 0      8 43 0      
10 40 0      8 44 0      
9 40 0      8 45 0      
8 40 0      8 46 0      
7 40 0      8 47 0      
6 40 0      8 48 0      
5 40 0      8 49 0      
4 40 0      8 50 0      
3 40 0      8 51 0      
2 40 0      8 52 0      
1 40 0      8 3 0      
50 40 0      8 4 0      
49 40 0      8 5 0      
48 40 0      8 6 0      
47 40 0      8 7 0      
46 40 0      8 8 0      
45 40 0      8 9 0      
44 40 0      8 10 0      
43 40 0      8 11 0      
42 40 0      8 12 0      
41 40 0      8 13 0      
40 40 0      8 14 0      
39 40 0      8 15 0      
38 40 0      9 15 0      
37 40 0      10 15 0      
36 40 0      11 15 0      
35 40 0      12 15 0      
34 40 0      13 15 0      
33 40 0      14 15 0      
32 40 0      15 15 0      
31 40 0      16 15 0      
30 40 0      17 15 0      
29 40 0      17 14 0      
28 40 0      17 13 0      
27 40 0      17 12 0      
26 40 0      17 11 0      
25 40 0      17 10 0      
24 40 0      17 9 0      
23 40 0      17 8 0      
22 40 0      17 7 0      
21 40 0      17 6 0      
20 40 0      18 6 0      
19 40 0      19 6 0      
18 40 0      20 6 0      
17 40 0      20 5 0      
16 40 0      20 4 0      
15 40 0      20 3 0      
14 40 0      20 52 0      
13 40 0      20 51 0      
12 40 0      20 50 0      
11 40 0      20 49 0      
10 40 0      20 48 0      
9 40 0      20 47 0      
8 40 0      20 46 0      
7 40 0      19 46 0      
6 40 0      18 46 0      
5 40 0      17 46 0      
4 40 0      17 47 0      
3 40 0      17 48 0      
2 40 0      17 49 0      
1 40 0      17 50 0      
50 40 0      17 51 0      
49 40 0      17 52 0      
48 40 0      17 3 0      
47 40 0      17 4 0      
46 40 0      17 5 0      
45 40 0      17 6 0      
44 40 0      17 7 0      
43 40 0      17 8 0      
42 40 0      16 8 0      
41 40 0      15 8 0      
40 40 0      14 8 0      
39 40 0      13 8 0      
38 40 0      12 8 0      
37 40 0      11 8 0      
36 40 0      10 8 0      
35 40 0      9 8 0      
34 40 0      8 8 0      
33 40 0      7 8 0      
32 40 0      6 8 0      
31 40 0      5 8 0      
30 40 0      4 8 0      
29 40 0      3 8 0      
28 40 0      2 8 0      
27 40 0      1 8 0      
26 40 0      0 8 0      
25 40 0      49 8 0      
24 40 0      48 8 0      
23 40 0       48 8 1      
23 40 0      47 8 0      
22 40 0      46 8 0      
21 40 0      45 8 0      
20 40 0      44 8 0      
19 40 0      43 8 0      
18 40 0      42 8 0      
17 40 0      41 8 0      
16 40 0      40 8 0      
15 40 0      39 8 0      
14 40 0      38 8 0      
13 40 0      37 8 0      
12 40 0       37 8 1      
12 40 0      36 8 0      
11 40 0      35 8 0      
10 40 0      34 8 0      
9 40 0      34 7 0      
8 40 0      34 6 0      
7 40 0       34 6 1      
7 40 0      34 5 0      
6 40 0      34 4 0      
5 40 0      34 3 0      
4 40 0      35 53 0      
3 40 0      36 53 0      
2 40 0      37 53 0      
1 40 0      38 53 0      
50 40 0      39 53 0      
49 40 0      40 53 0      
48 40 0      41 53 0      
47 40 0      42 53 0      
46 40 0      43 53 0      
45 40 0      44 53 0      
44 40 0      45 53 0      
43 40 0      46 53 0      
42 40 0      47 53 0      
41 40 0      48 53 0      
40 40 0      49 53 0      
39 40 0      0 53 0      
38 40 0      1 53 0      
37 40 0      2 53 0      
36 40 0      3 53 0      
35 40 0      4 53 0      
34 40 0      5 53 0      
33 40 0      6 53 0      
32 40 0      7 53 0      
31 40 0      8 53 0      
30 40 0      9 53 0      
29 40 0      10 53 0      
28 40 0      11 53 0      
27 40 0      12 53 0      
26 40 0      13 53 0      
25 40 0      14 53 0      
24 40 0      15 53 0      
23 40 0      15 52 0      
22 40 0      15 51 0      
21 40 0      15 50 0      
20 40 0      15 49 0      
19 40 0      15 48 0      
18 40 0      15 47 0      
17 40 0      16 47 0      
16 40 0      17 47 0      
15 40 0      18 47 0      
14 40 0      19 47 0      
13 40 0      20 47 0      
12 40 0      21 47 0      
11 40 0      22 47 0      
10 40 0      23 47 0      
9 40 0      24 47 0      
8 40 0      25 47 0      
7 40 0      26 47 0      
6 40 0      27 47 0      
5 40 0      28 47 0      
4 40 0      29 47 0      
3 40 0      30 47 0      
2 40 0      31 47 0      
1 40 0      32 47 0      
50 40 0      32 46 0      
49 40 0      32 45 0      
48 40 0      32 44 0      
47 40 0      32 43 0      
46 40 0      33 43 0      
45 40 0      33 44 0      
44 40 0      32 44 0      
43 40 0      31 44 0      
42 40 0      30 44 0      
41 40 0      29 44 0      
40 40 0      29 45 0      
39 40 0      29 46 0      
38 40 0       29 46 1      
38 40 0      29 47 0      
37 40 0      29 48 0      
36 40 0      29 49 0      
35 40 0      29 50 0      
34 40 0      29 51 0      
33 40 0      29 52 0      
32 40 0      30 2 0      
31 40 0      31 2 0      
30 40 0      32 2 0      
29 40 0      32 3 0      
28 40 0      32 4 0      
27 40 0      32 5 0      
26 40 0      33 5 0      
25 40 0      34 5 0      
24 40 0      35 5 0      
23 40 0      36 5 0      
22 40 0      37 5 0      
21 40 0      38 5 0      
20 40 0      39 5 0      
19 40 0      39 4 0      
18 40 0      39 3 0      
17 40 0      39 52 0      
16 40 0      40 52 0      
15 40 0      41 52 0      
14 40 0      42 52 0      
13 40 0      42 53 0      
12 40 0      43 2 0      
11 40 0      43 3 0      
10 40 0      43 4 0      
9 40 0      43 5 0      
8 40 0      43 6 0      
7 40 0      43 7 0      
6 40 0      43 8 0      
5 40 0      43 9 0      
4 40 0      43 10 0      
3 40 0      43 11 0      
2 40 0      43 12 0      
1 40 0      43 13 0      
0 40 0       43 13 1      
50 40 0      43 14 0      
49 40 0      43 15 0      
48 40 0      44 15 0      
47 40 0      45 15 0      
46 40 0      46 15 0      
45 40 0      47 15 0      
44 40 0      48 15 0      
43 40 0      49 15 0      
42 40 0      0 15 0      
41 40 0      0 14 0      
40 40 0      0 13 0      
39 40 0      0 12 0      
38 40 0      0 11 0      
37 40 0      1 11 0      
36 40 0      2 11 0      
35 40 0      3 11 0      
34 40 0      4 11 0      
33 40 0       4 11 1      
33 40 0      5 11 0      
32 40 0      6 11 0      
31 40 0      7 11 0      
30 40 0      8 11 0      
29 40 0      9 11 0      
28 40 0      10 11 0      
27 40 0      11 11 0      
26 40 0      12 11 0      
25 40 0      13 11 0      
24 40 0      14 11 0      
23 40 0      15 11 0      
22 40 0      16 11 0      
21 40 0      17 11 0      
20 40 0      18 11 0      
19 40 0      19 11 0      
18 40 0      20 11 0      
17 40 0      21 11 0      
16 40 0      22 11 0      
15 40 0      23 11 0      
14 40 0      24 11 0      
13 40 0      25 11 0      
12 40 0      26 11 0      
11 40 0      27 11 0      
10 40 0      27 12 0      
9 40 0      27 13 0      
8 40 0      27 14 0      
7 40 0      26 14 0      
6 40 0      25 14 0      
5 40 0      24 14 0      
4 40 0      23 14 0      
3 40 0      22 14 0      
2 40 0      21 14 0      
1 40 0      20 14 0      
50 40 0      19 14 0      
49 40 0      18 14 0      
48 40 0      17 14 0      
47 40 0      16 14 0      
46 40 0      15 14 0      
45 40 0      14 14 0      
44 40 0      13 14 0      
43 40 0      12 14 0      
42 40 0      11 14 0      
41 40 0      10 14 0      
40 40 0      9 14 0      
39 40 0      8 14 0      
38 40 0      7 14 0      
37 40 0      6 14 0      
36 40 0      5 14 0      
35 40 0      5 13 0      
34 40 0      5 12 0      
33 40 0      5 11 0      
32 40 0      5 10 0      
31 40 0      5 9 0      
30 40 0      5 8 0      
29 40 0      5 7 0      
28 40 0      6 7 0      
27 40 0      7 7 0      
26 40 0      8 7 0      
25 40 0      9 7 0      
24 40 0      10 7 0      
23 40 0      11 7 0      
22 40 0      12 7 0      
21 40 0      13 7 0      
20 40 0      14 7 0      
19 40 0      15 7 0      
18 40 0      16 7 0      
17 40 0      16 6 0      
16 40 0      16 5 0      
15 40 0      17 5 0      
14 40 0      18 5 0      
13 40 0      19 5 0      
12 40 0      20 5 0      
11 40 0      21 5 0      
10 40 0      22 5 0      
9 40 0      23 5 0      
8 40 0      24 5 0      
7 40 0       24 5 1      
7 40 0      25 5 0      
6 40 0      26 5 0      
5 40 0       26 5 1      
5 40 0      27 5 0      
4 40 0      28 5 0      
3 40 0      29 5 0      
2 40 0      30 5 0      
1 40 0      31 5 0      
0 40 0       31 5 1      
50 40 0      32 5 0      
49 40 0      33 5 0      
48 40 0      34 5 0      
47 40 0      35 5 0      
46 40 0      36 5 0      
45 40 0      37 5 0      
44 40 0      38 5 0      
43 40 0      38 4 0      
42 40 0      38 3 0      
41 40 0      38 52 0      
40 40 0      38 51 0      
39 40 0       38 51 1      
39 40 0       38 51 1      
39 40 0      38 50 0      
38 40 0       38 50 1      
38 40 0      38 49 0      
37 40 0      38 48 0      
36 40 0      38 47 0      
35 40 0      38 46 0      
34 40 0      38 45 0      
33 40 0      38 44 0      
32 40 0      38 43 0      
31 40 0      38 42 0      
30 40 0      38 41 0      
29 40 0      38 40 0      
28 40 0      38 39 0      
27 40 0      38 38 0      
26 40 0      38 37 0      
25 40 0      38 36 0      
24 40 0      38 35 0      
23 40 0      38 34 0      
22 40 0      38 33 0      
21 40 0      38 32 0      
20 40 0      38 31 0      
19 40 0      37 31 0      
18 40 0      36 31 0      
17 40 0      35 31 0      
16 40 0      34 31 0      
15 40 0      33 31 0      
14 40 0      32 31 0      
13 40 0      31 31 0      
12 40 0      30 31 0      
11 40 0      29 31 0      
10 40 0      28 31 0      
9 40 0      27 31 0      
8 40 0      26 31 0      
7 40 0      25 31 0      
6 40 0      24 31 0      
5 40 0      23 31 0      
4 40 0      22 31 0      
3 40 0       22 31 1      
3 40 0       22 31 1      
3 40 0      21 31 0      
2 40 0      20 31 0      
1 40 0      19 31 0      
50 40 0      18 31 0      
49 40 0      17 31 0      
48 40 0      16 31 0      
47 40 0      15 31 0      
46 40 0      14 31 0      
45 40 0      13 31 0      
44 40 0      12 31 0      
43 40 0      11 31 0      
42 40 0      10 31 0      
41 40 0      9 31 0      
40 40 0       9 31 1      
40 40 0      8 31 0      
39 40 0      7 31 0      
38 40 0      6 31 0      
37 40 0      5 31 0      
36 40 0      4 31 0      
35 40 0      3 31 0      
34 40 0      2 31 0      
33 40 0      1 31 0      
32 40 0      0 31 0      
31 40 0      49 31 0      
30 40 0      48 31 0      
29 40 0      47 31 0      
28 40 0      46 31 0      
27 40 0      45 31 0      
26 40 0      44 31 0      
25 40 0      43 31 0      
24 40 0      42 31 0      
23 40 0      41 31 0      
22 40 0      40 31 0      
21 40 0      39 31 0      
20 40 0      38 31 0      
19 40 0      37 31 0      
18 40 0      36 31 0      
17 40 0      35 31 0      
16 40 0      34 31 0      
15 40 0      33 31 0      
14 40 0      32 31 0      
13 40 0      32 32 0      
12 40 0      32 33 0      
11 40 0      32 34 0      
10 40 0       32 34 1      
10 40 0      32 35 0      
9 40 0      32 36 0      
8 40 0      32 37 0      
7 40 0      32 38 0      
6 40 0      32 39 0      
5 40 0      32 40 0      
4 40 0      32 41 0      
3 40 0       32 41 1      
3 40 0      32 42 0      
2 40 0      32 43 0      
1 40 0      32 44 0      
50 40 0      32 45 0      
49 40 0      32 46 0      
48 40 0      32 47 0      
47 40 0      33 47 0      
46 40 0      34 47 0      
45 40 0      35 47 0      
44 40 0      36 47 0      
43 40 0      37 47 0      
42 40 0      38 47 0      
41 40 0      39 47 0      
40 40 0      40 47 0      
39 40 0      41 47 0      
38 40 0      42 47 0      
37 40 0      43 47 0      
36 40 0      44 47 0      
35 40 0      45 47 0      
34 40 0      46 47 0      
33 40 0      46 46 0      
32 40 0      46 45 0      
31 40 0      46 44 0      
30 40 0      46 43 0      
29 40 0       46 43 1      
29 40 0      46 42 0      
28 40 0      46 41 0      
27 40 0      46 40 0      
26 40 0      46 39 0      
25 40 0      46 38 0      
24 40 0      46 37 0      
23 40 0      46 36 0      
22 40 0       46 36 1      
22 40 0      46 35 0      
21 40 0      46 34 0      
20 40 0      46 33 0      
19 40 0      46 32 0      
18 40 0      46 31 0      
17 40 0      46 30 0      
16 40 0      46 29 0      
15 40 0      46 28 0      
14 40 0      46 27 0      
13 40 0      46 26 0      
12 40 0      45 26 0      
11 40 0      44 26 0      
10 40 0      43 26 0      
9 40 0      42 26 0      
8 40 0      41 26 0      
7 40 0      40 26 0      
6 40 0      39 26 0      
5 40 0      38 26 0      
4 40 0      37 26 0      
3 40 0      36 26 0      
2 40 0      35 26 0      
1 40 0      34 26 0      
50 40 0      33 26 0      
49 40 0      32 26 0      
48 40 0      31 26 0      
47 40 0      30 26 0      
46 40 0       30 26 1      
46 40 0      29 26 0      
45 40 0      28 26 0      
44 40 0      27 26 0      
43 40 0      26 26 0      
42 40 0      25 26 0      
41 40 0      25 25 0      
40 40 0      25 24 0      
39 40 0      25 23 0      
38 40 0      25 22 0      
37 40 0      25 21 0      
36 40 0      25 20 0      
35 40 0      25 19 0      
34 40 0      25 18 0      
33 40 0      25 17 0      
32 40 0      25 16 0      
31 40 0      25 15 0      
30 40 0      25 14 0      
29 40 0      25 13 0      
28 40 0      25 12 0      
27 40 0      25 11 0      
26 40 0      25 10 0      
25 40 0      25 9 0      
24 40 0      25 8 0      
23 40 0      25 7 0      
22 40 0      25 6 0      
21 40 0      26 6 0      
20 40 0      26 7 0      
19 40 0      26 8 0      
18 40 0      26 9 0      
17 40 0      26 10 0      
16 40 0      26 11 0      
15 40 0      26 12 0      
14 40 0      26 13 0      
13 40 0      26 14 0      
12 40 0      26 15 0      
11 40 0      26 16 0      
10 40 0      26 17 0      
9 40 0      26 18 0      
8 40 0      26 19 0      
7 40 0      26 20 0      
6 40 0      26 21 0      
5 40 0      26 22 0      
4 40 0      26 23 0      
3 40 0       26 23 1      
3 40 0      26 24 0      
2 40 0      26 25 0      
1 40 0      26 26 0      
50 40 0      26 27 0      
49 40 0      27 27 0      
48 40 0      28 27 0      
47 40 0       28 27 1      
47 40 0      29 27 0      
46 40 0      30 27 0      
45 40 0      30 28 0      
44 40 0      30 29 0      
43 40 0      30 30 0      
42 40 0      30 31 0      
41 40 0      30 32 0      
40 40 0      30 33 0      
39 40 0      30 34 0      
38 40 0      30 35 0      
37 40 0      30 36 0      
36 40 0      30 37 0      
35 40 0      30 38 0      
34 40 0      30 39 0      
33 40 0      30 40 0      
32 40 0      30 41 0      
31 40 0      30 42 0      
30 40 0      30 43 0      
29 40 0      30 44 0      
28 40 0      30 45 0      
27 40 0      30 46 0      
26 40 0      30 47 0      
25 40 0      30 48 0      
24 40 0      29 48 0      
23 40 0      28 48 0      
22 40 0      27 48 0      
21 40 0      26 48 0      
20 40 0      25 48 0      
19 40 0      24 48 0      
18 40 0      23 48 0      
17 40 0      22 48 0      
16 40 0      21 48 0      
15 40 0      21 47 0      
14 40 0      21 46 0      
13 40 0      21 45 0      
12 40 0      21 44 0      
11 40 0      21 43 0      
10 40 0      21 42 0      
9 40 0      21 41 0      
8 40 0       21 41 1      
8 40 0      21 40 0      
7 40 0      21 39 0      
6 40 0      21 38 0      
5 40 0      21 37 0      
4 40 0      21 36 0      
3 40 0      21 35 0      
2 40 0      21 34 0      
1 40 0      21 33 0      
50 40 0      21 32 0      
49 40 0      21 31 0      
48 40 0      21 30 0      
47 40 0      21 29 0      
46 40 0      21 28 0      
45 40 0      21 27 0      
44 40 0      21 26 0      
43 40 0      21 25 0      
42 40 0      21 24 0      
41 40 0      21 23 0      
40 40 0      21 22 0      
39 40 0      21 21 0      
38 40 0      21 20 0      
37 40 0      21 19 0      
36 40 0      21 18 0      
35 40 0      21 17 0      
34 40 0      21 16 0      
33 40 0      21 15 0      
32 40 0      21 14 0      
31 40 0      21 13 0      
30 40 0      21 12 0      
29 40 0      21 11 0      
28 40 0      21 10 0      
27 40 0      21 9 0      
26 40 0      21 8 0      
25 40 0      22 8 0      
24 40 0       22 8 1      
24 40 0      22 9 0      
23 40 0      22 10 0      
22 40 0      22 11 0      
21 40 0      22 12 0      
20 40 0      22 13 0      
19 40 0      22 14 0      
18 40 0      22 15 0      
17 40 0       22 15 1      
17 40 0      22 16 0      
16 40 0      22 17 0      
15 40 0      22 18 0      
14 40 0      22 19 0      
13 40 0      22 20 0      
12 40 0      22 21 0      
11 40 0      22 22 0      
10 40 0      22 23 0      
9 40 0      22 24 0      
8 40 0      22 25 0      
7 40 0      22 26 0      
6 40 0      22 27 0      
5 40 0      22 28 0      
4 40 0      22 29 0      
3 40 0      22 30 0      
2 40 0      22 31 0      
1 40 0      22 32 0      
50 40 0      22 33 0      
49 40 0      22 34 0      
48 40 0      22 35 0      
47 40 0      22 36 0      
46 40 0       22 36 1      
46 40 0      22 37 0      
45 40 0      22 38 0      
44 40 0      23 38 0      
43 40 0      24 38 0      
42 40 0      25 38 0      
41 40 0      26 38 0      
40 40 0      27 38 0      
39 40 0      28 38 0      
38 40 0      29 38 0      
37 40 0      30 38 0      
36 40 0      31 38 0      
35 40 0      32 38 0      
34 40 0      33 38 0      
33 40 0      34 38 0      
32 40 0      35 38 0      
31 40 0      36 38 0      
30 40 0      37 38 0      
29 40 0      38 38 0      
28 40 0      38 39 0      
27 40 0      38 40 0      
26 40 0      38 41 0      
25 40 0      38 42 0      
24 40 0      38 43 0      
23 40 0      38 44 0      
22 40 0      38 45 0      
21 40 0      38 46 0      
20 40 0      38 47 0      
19 40 0      38 48 0      
18 40 0      38 49 0      
17 40 0      38 50 0      
16 40 0      38 51 0      
15 40 0      38 52 0      
14 40 0      39 2 0      
13 40 0      40 2 0      
12 40 0      40 1 0      
11 40 0      40 52 0      
10 40 0      40 51 0      
9 40 0      40 50 0      
8 40 0      40 49 0      
7 40 0      40 48 0      
6 40 0      40 47 0      
5 40 0      40 46 0      
4 40 0      40 45 0      
3 40 0      40 44 0      
2 40 0      40 43 0      
1 40 0      40 42 0      
50 40 0      40 41 0      
49 40 0      40 40 0      
48 40 0      40 39 0      
47 40 0      40 38 0      
46 40 0      40 37 0      
45 40 0      40 36 0      
44 40 0      40 35 0      
43 40 0      40 34 0      
42 40 0      40 33 0      
41 40 0      40 32 0      
40 40 0      40 31 0      
39 40 0      40 30 0      
38 40 0      40 29 0      
37 40 0      40 28 0      
36 40 0      40 27 0      
35 40 0      40 26 0      
34 40 0      40 25 0      
33 40 0      40 24 0      
32 40 0      40 23 0      
31 40 0      40 22 0      
30 40 0      41 22 0      
29 40 0      42 22 0      
28 40 0      43 22 0      
27 40 0      44 22 0      
26 40 0      45 22 0      
25 40 0      45 23 0      
24 40 0      45 24 0      
23 40 0      45 25 0      
22 40 0      45 26 0      
21 40 0      45 27 0      
20 40 0      45 28 0      
19 40 0      45 29 0      
18 40 0      45 30 0      
17 40 0       45 30 1      
17 40 0      45 31 0      
16 40 0      44 31 0      
15 40 0      43 31 0      
14 40 0      42 31 0      
13 40 0      41 31 0      
12 40 0      41 32 0      
11 40 0      41 33 0      
10 40 0      40 33 0      
9 40 0      40 34 0      
8 40 0      40 35 0      
7 40 0      40 36 0      
6 40 0      40 37 0      
5 40 0      40 38 0      
4 40 0      40 39 0      
3 40 0      40 40 0      
2 40 0      40 41 0      
1 40 0      39 41 0      
50 40 0      38 41 0      
49 40 0      37 41 0      
48 40 0      36 41 0      
47 40 0      35 41 0      
46 40 0      34 41 0      
45 40 0      33 41 0      
44 40 0      32 41 0      
43 40 0      31 41 0      
42 40 0      30 41 0      
41 40 0      29 41 0      
40 40 0      28 41 0      
39 40 0      27 41 0      
38 40 0      26 41 0      
37 40 0      25 41 0      
36 40 0      24 41 0      
35 40 0      23 41 0      
34 40 0      22 41 0      
33 40 0      21 41 0      
32 40 0      20 41 0      
31 40 0      19 41 0      
30 40 0      18 41 0      
29 40 0      18 40 0      
28 40 0      18 39 0      
27 40 0      18 38 0      
26 40 0      18 37 0      
25 40 0      18 36 0      
24 40 0      18 35 0      
23 40 0      18 34 0      
22 40 0      18 33 0      
21 40 0       18 33 1      
21 40 0      18 32 0      
20 40 0      18 31 0      
19 40 0      18 30 0      
18 40 0      18 29 0      
17 40 0      18 28 0      
16 40 0      18 27 0      
15 40 0      18 26 0      
14 40 0      18 25 0      
13 40 0      18 24 0      
12 40 0      18 23 0      
11 40 0      18 22 0      
10 40 0      17 22 0      
9 40 0      16 22 0      
8 40 0      15 22 0      
7 40 0      14 22 0      
6 40 0      13 22 0      
5 40 0      12 22 0      
4 40 0       12 22 1      
4 40 0      11 22 0      
3 40 0      10 22 0      
2 40 0      10 23 0      
1 40 0      10 24 0      
50 40 0      10 25 0      
49 40 0      10 26 0      
48 40 0      10 27 0      
47 40 0      10 28 0      
46 40 0      10 29 0      
45 40 0      10 30 0      
44 40 0      10 31 0      
43 40 0      10 32 0      
42 40 0      10 33 0      
41 40 0      11 33 0      
40 40 0      12 33 0      
39 40 0      13 33 0      
38 40 0      14 33 0      
37 40 0      15 33 0      
36 40 0      16 33 0      
35 40 0      17 33 0      
34 40 0      18 33 0      
33 40 0      19 33 0      
32 40 0      20 33 0      
31 40 0      21 33 0      
30 40 0      22 33 0      
29 40 0      23 33 0      
28 40 0      24 33 0      
27 40 0      25 33 0      
26 40 0      26 33 0      
25 40 0      27 33 0      
24 40 0      28 33 0      
23 40 0      29 33 0      
22 40 0      30 33 0      
21 40 0      31 33 0      
20 40 0      32 33 0      
19 40 0      32 32 0      
18 40 0      31 32 0      
17 40 0      30 32 0      
16 40 0      29 32 0      
15 40 0      28 32 0      
14 40 0      27 32 0      
13 40 0      26 32 0      
12 40 0      25 32 0      
11 40 0      24 32 0      
10 40 0      23 32 0      
9 40 0      22 32 0      
