10 40 0      40 20 0      
9 40 0      40 21 0      
8 40 0      40 22 0      
7 40 0      40 23 0      
6 40 0      40 24 0      
5 40 0      40 25 0      
4 40 0       40 25 1      
4 40 0      40 26 0      
3 40 0      41 26 0      
2 40 0      42 26 0      
1 40 0      43 26 0      
50 40 0      44 26 0      
49 40 0      45 26 0      
48 40 0      46 26 0      
47 40 0      47 26 0      
46 40 0      48 26 0      
45 40 0      48 27 0      
44 40 0      48 28 0      
43 40 0      48 29 0      
42 40 0       48 29 1      
42 40 0      48 30 0      
41 40 0      48 31 0      
40 40 0      48 32 0      
39 40 0      48 33 0      
38 40 0      48 34 0      
37 40 0      48 35 0      
36 40 0      48 36 0      
35 40 0      48 37 0      
34 40 0      48 38 0      
33 40 0      48 39 0      
32 40 0      48 40 0      
31 40 0      48 41 0      
30 40 0      48 42 0      
29 40 0      48 43 0      
28 40 0      49 43 0      
27 40 0      0 43 0      
26 40 0      1 43 0      
25 40 0      2 43 0      
24 40 0      3 43 0      
23 40 0      4 43 0      
22 40 0      5 43 0      
21 40 0      6 43 0      
20 40 0      7 43 0      
19 40 0      8 43 0      
18 40 0      9 43 0      
17 40 0      10 43 0      
16 40 0      10 42 0      
15 40 0      11 42 0      
14 40 0      12 42 0      
13 40 1      13 42 0      
12 40 0      14 42 0      
11 40 0      15 42 0      
10 40 0      16 42 0      
9 40 0      17 42 0      
8 40 0      17 43 0      
7 40 0       17 43 1      
7 40 0      18 43 0      
6 40 0      19 43 0      
5 40 0      20 43 0      
4 40 0      20 42 0      
3 40 0      20 41 0      
2 40 0      20 40 0      
1 40 0      20 39 0      
50 40 0      20 38 0      
49 40 0      20 37 0      
48 40 0      20 36 0      
47 40 0      20 35 0      
46 40 0      20 34 0      
45 40 0      20 33 0      
44 40 0      20 32 0      
43 40 0      20 31 0      
42 40 0      20 30 0      
41 40 0      20 29 0      
40 40 0      19 29 0      
39 40 0      18 29 0      
38 40 0      17 29 0      
37 40 0      17 30 0      
36 40 0      17 31 0      
35 40 0      17 32 0      
34 40 0      17 33 0      
33 40 0      17 34 0      
32 40 0      17 35 0      
31 40 0      17 36 0      
30 40 0      17 37 0      
29 40 0      17 38 0      
28 40 0      17 39 0      
27 40 0      17 40 0      
26 40 0      16 40 0      
25 40 0      15 40 0      
24 40 0      14 40 0      
23 40 0      13 40 0      
22 40 0      12 40 0      
21 40 0      11 40 0      
20 40 0      11 41 0      
19 40 0      11 42 0      
18 40 0      11 43 0      
17 40 0      11 44 0      
16 40 0      11 45 0      
15 40 0      12 45 0      
14 40 0       12 45 1      
14 40 0      13 45 0      
13 40 0      14 45 0      
12 40 0      15 45 0      
11 40 0      16 45 0      
10 40 0      17 45 0      
9 40 0      17 46 0      
8 40 0      17 47 0      
7 40 0      17 48 0      
6 40 0      17 49 0      
5 40 0      17 50 0      
4 40 0      16 50 0      
3 40 0      15 50 0      
2 40 0      14 50 0      
1 40 0      13 50 0      
50 40 0      12 50 0      
49 40 0      11 50 0      
48 40 0      11 51 0      
47 40 0      11 52 0      
46 40 0      11 3 0      
45 40 0      11 4 0      
44 40 0      11 5 0      
43 40 0      11 6 0      
42 40 0      11 7 0      
41 40 0      12 7 0      
40 40 0       12 7 1      
40 40 0      13 7 0      
39 40 0      13 8 0      
38 40 0      14 8 0      
37 40 0      15 8 0      
36 40 0      16 8 0      
35 40 0      17 8 0      
34 40 0      18 8 0      
33 40 0      18 7 0      
32 40 0      18 6 0      
31 40 0      18 5 0      
30 40 0      18 4 0      
29 40 0       18 4 1      
29 40 0      18 3 0      
28 40 0      18 52 0      
27 40 0      18 51 0      
26 40 0      18 50 0      
25 40 0      18 49 0      
24 40 0      18 48 0      
23 40 0       18 48 1      
23 40 0      18 47 0      
22 40 0      18 46 0      
21 40 0      18 45 0      
20 40 0      18 44 0      
19 40 0      18 43 0      
18 40 0      18 42 0      
17 40 0      18 41 0      
16 40 0      18 40 0      
15 40 0      18 39 0      
14 40 0      18 38 0      
13 40 0      18 37 0      
12 40 0      17 37 0      
11 40 0      16 37 0      
10 40 0      15 37 0      
9 40 0      14 37 0      
8 40 0      13 37 0      
7 40 0      12 37 0      
6 40 0      11 37 0      
5 40 0      10 37 0      
4 40 0      9 37 0      
3 40 0      8 37 0      
2 40 0      7 37 0      
1 40 0      6 37 0      
50 40 0      5 37 0      
49 40 0      4 37 0      
48 40 0      3 37 0      
47 40 0      2 37 0      
46 40 0      1 37 0      
45 40 0      0 37 0      
44 40 0      49 37 0      
43 40 0       49 37 1      
43 40 0      48 37 0      
42 40 0      47 37 0      
41 40 0      46 37 0      
40 40 0      45 37 0      
39 40 0      44 37 0      
38 40 0      43 37 0      
37 40 0      42 37 0      
36 40 0       42 37 1      
36 40 0      42 36 0      
35 40 0      42 35 0      
34 40 0      42 34 0      
33 40 0      42 33 0      
32 40 0      42 32 0      
31 40 0      42 31 0      
30 40 0      42 30 0      
29 40 0      41 30 0      
28 40 0      41 31 0      
27 40 0      41 32 0      
26 40 0      41 33 0      
25 40 0      41 34 0      
24 40 0      41 35 0      
23 40 0       41 35 1      
23 40 0      41 36 0      
22 40 0      41 37 0      
21 40 0      41 38 0      
20 40 0      41 39 0      
19 40 0      41 40 0      
18 40 0      41 41 0      
17 40 0      41 42 0      
16 40 0      41 43 0      
15 40 0      41 44 0      
14 40 0       41 44 1      
14 40 0      41 45 0      
13 40 0      41 46 0      
12 40 0      41 47 0      
11 40 0      41 48 0      
10 40 0      41 49 0      
9 40 0      41 50 0      
8 40 0      41 51 0      
7 40 0      41 52 0      
6 40 0      41 3 0      
5 40 0      41 4 0      
4 40 0      41 5 0      
3 40 0      41 6 0      
2 40 0      41 7 0      
1 40 0      41 8 0      
50 40 0      41 9 0      
49 40 0      41 10 0      
48 40 0      41 11 0      
47 40 0      41 12 0      
46 40 0      41 13 0      
45 40 0       41 13 1      
45 40 0      41 14 0      
44 40 0      41 15 0      
43 40 0      41 16 0      
42 40 0      41 17 0      
41 40 0      41 18 0      
40 40 0      41 19 0      
39 40 0       41 19 1      
39 40 0      41 20 0      
38 40 0      41 21 0      
37 40 0      41 22 0      
36 40 0      40 22 0      
35 40 0      39 22 0      
34 40 0      38 22 0      
33 40 0      37 22 0      
32 40 0      36 22 0      
31 40 0       36 22 1      
31 40 0      36 23 0      
30 40 0      36 24 0      
29 40 0      36 25 0      
28 40 0      36 26 0      
27 40 0      36 27 0      
26 40 0      36 28 0      
25 40 0      36 29 0      
24 40 0      36 30 0      
23 40 0      36 31 0      
22 40 0      35 31 0      
21 40 0      34 31 0      
20 40 0      33 31 0      
19 40 0      32 31 0      
18 40 0      31 31 0      
17 40 0       31 31 1      
17 40 0      30 31 0      
16 40 0      30 30 0      
15 40 0      30 29 0      
14 40 0      30 28 0      
13 40 0      31 28 0      
12 40 0      32 28 0      
11 40 0      33 28 0      
10 40 0      34 28 0      
9 40 0      35 28 0      
8 40 0      36 28 0      
7 40 0      37 28 0      
6 40 0      38 28 0      
5 40 0      39 28 0      
4 40 0      40 28 0      
3 40 0      41 28 0      
2 40 0      42 28 0      
1 40 0      43 28 0      
50 40 0      44 28 0      
49 40 0      45 28 0      
48 40 0      46 28 0      
47 40 0      46 29 0      
46 40 0      46 30 0      
45 40 0      46 31 0      
44 40 0      46 32 0      
43 40 0      47 32 0      
42 40 0      48 32 0      
41 40 0      49 32 0      
40 40 0      -1 33 0      
39 40 0      -1 34 0      
38 40 0      -1 35 0      
37 40 0      -1 36 0      
36 40 0      -1 37 0      
35 40 0      -1 38 0      
34 40 0      0 38 0      
33 40 0      1 38 0      
32 40 0      2 38 0      
31 40 0      3 38 0      
30 40 0      4 38 0      
29 40 0      5 38 0      
28 40 0      6 38 0      
27 40 0      7 38 0      
26 40 0      8 38 0      
25 40 0      9 38 0      
24 40 0      9 39 0      
23 40 0       9 39 1      
23 40 0      9 40 0      
22 40 0      9 41 0      
21 40 0      9 42 0      
20 40 0      9 43 0      
19 40 0      9 44 0      
18 40 0      9 45 0      
17 40 0      9 46 0      
16 40 0      9 47 0      
15 40 0      9 48 0      
14 40 0      8 48 0      
13 40 0      7 48 0      
12 40 0      7 47 0      
11 40 0      7 46 0      
10 40 0      7 45 0      
9 40 0      7 44 0      
8 40 0      7 43 0      
7 40 0      7 42 0      
6 40 0      7 41 0      
5 40 0      7 40 0      
4 40 0      8 40 0      
3 40 0      9 40 0      
2 40 0      10 40 0      
1 40 0      10 39 0      
50 40 0      10 38 0      
49 40 0      10 37 0      
48 40 0      10 36 0      
47 40 0       10 36 1      
47 40 0      10 35 0      
46 40 0       10 35 1      
46 40 0      10 34 0      
45 40 0      10 33 0      
44 40 0      10 32 0      
43 40 0      10 31 0      
42 40 0      10 30 0      
41 40 0      10 29 0      
40 40 0      10 28 0      
39 40 0      10 27 0      
38 40 0      10 26 0      
37 40 0      10 25 0      
36 40 0      11 25 0      
35 40 0      12 25 0      
34 40 0      13 25 0      
33 40 0      14 25 0      
32 40 0      15 25 0      
31 40 0      16 25 0      
30 40 0       16 25 1      
30 40 0      17 25 0      
29 40 0      18 25 0      
28 40 0      19 25 0      
27 40 0      19 26 0      
26 40 0      19 27 0      
25 40 0      19 28 0      
24 40 0      20 28 0      
23 40 0      21 28 0      
22 40 0      21 27 0      
21 40 0      21 26 0      
20 40 0      21 25 0      
19 40 0      21 24 0      
18 40 0      21 23 0      
17 40 0      21 22 0      
16 40 0      21 21 0      
15 40 0      21 20 0      
14 40 0      21 19 0      
13 40 0      21 18 0      
12 40 0      21 17 0      
11 40 0      21 16 0      
10 40 0      21 15 0      
9 40 0      21 14 0      
8 40 0      21 13 0      
7 40 0      21 12 0      
6 40 0      21 11 0      
5 40 0      21 10 0      
4 40 0      21 9 0      
3 40 0      21 8 0      
2 40 0      21 7 0      
1 40 0      21 6 0      
50 40 0      21 5 0      
49 40 0      21 4 0      
48 40 0       21 4 1      
48 40 0      21 3 0      
47 40 0      21 52 0      
46 40 0      21 51 0      
45 40 0      21 50 0      
44 40 0      21 49 0      
43 40 0      21 48 0      
42 40 0      21 47 0      
41 40 0      21 46 0      
40 40 0      21 45 0      
39 40 0      21 44 0      
38 40 0      21 43 0      
37 40 0      21 42 0      
36 40 0      21 41 0      
35 40 0      21 40 0      
34 40 0      21 39 0      
33 40 0      21 38 0      
32 40 0      21 37 0      
31 40 0       21 37 1      
31 40 0      21 36 0      
30 40 0      21 35 0      
29 40 0      21 34 0      
28 40 0      20 34 0      
27 40 0      19 34 0      
26 40 0      18 34 0      
25 40 0      17 34 0      
24 40 0      16 34 0      
23 40 0      15 34 0      
22 40 0      14 34 0      
21 40 0      14 33 0      
20 40 0      14 32 0      
19 40 0      14 31 0      
18 40 0      13 31 0      
17 40 0      13 30 0      
16 40 0      13 29 0      
15 40 0      13 28 0      
14 40 0      13 27 0      
13 40 0      12 27 0      
12 40 0      11 27 0      
11 40 0      10 27 0      
10 40 0      9 27 0      
9 40 0      9 26 0      
8 40 0      9 25 0      
7 40 0      9 24 0      
6 40 0      10 24 0      
5 40 0      10 25 0      
4 40 0      10 26 0      
3 40 0      10 27 0      
2 40 0      11 27 0      
1 40 0      12 27 0      
50 40 0      13 27 0      
49 40 0      14 27 0      
48 40 0      15 27 0      
47 40 0      16 27 0      
46 40 0      17 27 0      
45 40 0      18 27 0      
44 40 0      18 28 0      
43 40 0      18 29 0      
42 40 0      18 30 0      
41 40 0      18 31 0      
40 40 0      18 32 0      
39 40 0      19 32 0      
38 40 0      20 32 0      
37 40 0      21 32 0      
36 40 0      22 32 0      
35 40 0      23 32 0      
34 40 0      24 32 0      
33 40 0      25 32 0      
32 40 0      25 33 0      
31 40 0      25 34 0      
30 40 0      25 35 0      
29 40 0       25 35 1      
29 40 0      26 35 0      
28 40 0      27 35 0      
27 40 0      28 35 0      
26 40 0      29 35 0      
25 40 0      30 35 0      
24 40 0      31 35 0      
23 40 0      32 35 0      
22 40 0      33 35 0      
21 40 0      34 35 0      
20 40 0      35 35 0      
19 40 0      36 35 0      
18 40 0      37 35 0      
17 40 0      38 35 0      
16 40 0      39 35 0      
15 40 0      40 35 0      
14 40 0      41 35 0      
13 40 0      42 35 0      
12 40 0      43 35 0      
11 40 0      44 35 0      
10 40 0      45 35 0      
9 40 0      46 35 0      
8 40 0      47 35 0      
7 40 0      48 35 0      
6 40 0      49 35 0      
5 40 0      0 35 0      
4 40 0      1 35 0      
3 40 0      2 35 0      
2 40 0       2 35 1      
2 40 0      3 35 0      
1 40 0      4 35 0      
50 40 0      5 35 0      
49 40 0      6 35 0      
48 40 0      7 35 0      
47 40 0      8 35 0      
46 40 0      9 35 0      
45 40 0      10 35 0      
44 40 0      11 35 0      
43 40 0      12 35 0      
42 40 0      13 35 0      
41 40 0       13 35 1      
41 40 0      14 35 0      
40 40 0      15 35 0      
39 40 0      16 35 0      
38 40 0      17 35 0      
37 40 0      17 34 0      
36 40 0      17 33 0      
35 40 0      17 32 0      
34 40 0      16 32 0      
33 40 0      16 33 0      
32 40 0      16 34 0      
31 40 0      16 35 0      
30 40 0      16 36 0      
29 40 0      16 37 0      
28 40 0      16 38 0      
27 40 0      16 39 0      
26 40 0      16 40 0      
25 40 0      15 40 0      
24 40 0      14 40 0      
23 40 0      14 41 0      
22 40 0      14 42 0      
21 40 0      14 43 0      
20 40 0      14 44 0      
19 40 0      15 44 0      
18 40 0      16 44 0      
17 40 0      17 44 0      
16 40 0      18 44 0      
15 40 0      19 44 0      
14 40 0      20 44 0      
13 40 0      21 44 0      
12 40 0      22 44 0      
11 40 0      23 44 0      
10 40 0      24 44 0      
9 40 0      25 44 0      
8 40 0      26 44 0      
7 40 0      26 45 0      
6 40 0      27 45 0      
5 40 0      28 45 0      
4 40 0      29 45 0      
3 40 0      30 45 0      
2 40 0      31 45 0      
1 40 0      32 45 0      
50 40 0      33 45 0      
49 40 0      34 45 0      
48 40 0      35 45 0      
47 40 0      36 45 0      
46 40 0      37 45 0      
45 40 0      38 45 0      
44 40 0      38 46 0      
43 40 0      38 47 0      
42 40 0      38 48 0      
41 40 0      38 49 0      
40 40 0      38 50 0      
39 40 0      38 51 0      
38 40 0       38 51 1      
38 40 0      38 52 0      
37 40 0      38 3 0      
36 40 0      38 4 0      
35 40 0      38 5 0      
34 40 0      39 5 0      
33 40 0      40 5 0      
32 40 0       40 5 1      
32 40 0      41 5 0      
31 40 0      42 5 0      
30 40 0      43 5 0      
29 40 0      44 5 0      
28 40 0      44 4 0      
27 40 0      44 3 0      
26 40 0      44 52 0      
25 40 0      45 52 0      
24 40 0      46 52 0      
23 40 0      47 52 0      
22 40 0      48 52 0      
21 40 0      49 52 0      
20 40 0      0 52 0      
19 40 0      1 52 0      
18 40 0      2 52 0      
17 40 0      3 52 0      
16 40 0      4 52 0      
15 40 0      5 52 0      
14 40 0      6 52 0      
13 40 0      7 52 0      
12 40 0      7 53 0      
11 40 0      7 3 0      
10 40 0       7 3 1      
10 40 0       7 3 1      
10 40 0      7 4 0      
9 40 0      7 5 0      
8 40 0      7 6 0      
7 40 0      7 7 0      
6 40 0      7 8 0      
5 40 0      7 9 0      
4 40 0      7 10 0      
3 40 0       7 10 1      
3 40 0      7 11 0      
2 40 0      7 12 0      
1 40 0      7 13 0      
50 40 0      7 14 0      
49 40 0      7 15 0      
48 40 0      7 16 0      
47 40 0      7 17 0      
46 40 0      7 18 0      
45 40 0      7 19 0      
44 40 0       7 19 1      
44 40 0      7 20 0      
43 40 0      7 21 0      
42 40 0      7 22 0      
41 40 0      7 23 0      
40 40 0      7 24 0      
39 40 0      7 25 0      
38 40 0      7 26 0      
37 40 0      7 27 0      
36 40 0      7 28 0      
35 40 0      7 29 0      
34 40 0      7 30 0      
33 40 0      7 31 0      
32 40 0      7 32 0      
31 40 0      7 33 0      
30 40 0      7 34 0      
29 40 0      7 35 0      
28 40 0      7 36 0      
27 40 0      7 37 0      
26 40 0      7 38 0      
25 40 0      6 38 0      
24 40 0      5 38 0      
23 40 0      4 38 0      
22 40 0      3 38 0      
21 40 0      2 38 0      
20 40 0      1 38 0      
19 40 0      0 38 0      
18 40 0      49 38 0      
17 40 0      49 39 0      
16 40 0      49 40 0      
15 40 0      49 41 0      
14 40 0      49 42 0      
13 40 0      49 43 0      
12 40 0      49 44 0      
11 40 0      49 45 0      
10 40 0      49 46 0      
9 40 0      49 47 0      
8 40 0      49 48 0      
7 40 0      49 49 0      
6 40 0      49 50 0      
5 40 0      48 50 0      
4 40 0      47 50 0      
3 40 0      46 50 0      
2 40 0      45 50 0      
1 40 0      44 50 0      
50 40 0      44 51 0      
49 40 0      44 52 0      
48 40 0      44 3 0      
47 40 0      45 3 0      
46 40 0       45 3 1      
46 40 0      46 3 0      
45 40 0      47 3 0      
44 40 0      48 3 0      
43 40 0      49 3 0      
42 40 0      0 3 0      
41 40 0      1 3 0      
40 40 0      2 3 0      
39 40 0      3 3 0      
38 40 0      4 3 0      
37 40 0      5 3 0      
36 40 0      6 3 0      
35 40 0      7 3 0      
34 40 0      7 2 0      
33 40 0      7 52 0      
32 40 0      7 51 0      
31 40 0      7 50 0      
30 40 0      7 49 0      
29 40 0      7 48 0      
28 40 0      7 47 0      
27 40 0      8 47 0      
26 40 0      9 47 0      
25 40 0      10 47 0      
24 40 0      11 47 0      
23 40 0      12 47 0      
22 40 0      13 47 0      
21 40 0      14 47 0      
20 40 0      15 47 0      
19 40 0      16 47 0      
18 40 0      17 47 0      
17 40 0      17 46 0      
16 40 0      17 45 0      
15 40 0      17 44 0      
14 40 0      17 43 0      
13 40 0      17 42 0      
12 40 0      17 41 0      
11 40 0      17 40 0      
10 40 0      18 40 0      
9 40 0      18 39 0      
8 40 0      18 38 0      
7 40 0      19 38 0      
6 40 0      20 38 0      
5 40 0      21 38 0      
4 40 0      22 38 0      
3 40 0      23 38 0      
2 40 0      24 38 0      
1 40 0      25 38 0      
50 40 0      26 38 0      
49 40 0      27 38 0      
48 40 0       27 38 1      
48 40 0      28 38 0      
47 40 0      28 39 0      
46 40 0      28 40 0      
45 40 0      28 41 0      
44 40 0      28 42 0      
43 40 0      28 43 0      
42 40 0      28 44 0      
41 40 0      28 45 0      
40 40 0      28 46 0      
39 40 0      28 47 0      
38 40 0      28 48 0      
37 40 0      29 48 0      
36 40 0      30 48 0      
35 40 0      31 48 0      
34 40 0      32 48 0      
33 40 0      33 48 0      
32 40 0      34 48 0      
31 40 0      34 49 0      
30 40 0      34 50 0      
29 40 0      34 51 0      
28 40 0      34 52 0      
27 40 0      34 3 0      
26 40 0       34 3 1      
26 40 0      34 4 0      
25 40 0      34 5 0      
24 40 0      34 6 0      
23 40 0       34 6 1      
23 40 0      34 7 0      
22 40 0      34 8 0      
21 40 0      34 9 0      
20 40 0      34 10 0      
19 40 0      34 11 0      
18 40 0      35 11 0      
17 40 0      35 10 0      
16 40 0      35 9 0      
15 40 0      34 9 0      
14 40 0      33 9 0      
13 40 0      32 9 0      
12 40 0      31 9 0      
11 40 0      30 9 0      
10 40 0      29 9 0      
9 40 0      28 9 0      
8 40 0      28 8 0      
7 40 0      28 7 0      
6 40 0      28 6 0      
5 40 0      28 5 0      
4 40 0      28 4 0      
3 40 0       28 4 1      
3 40 0      28 3 0      
2 40 0      28 52 0      
1 40 0      28 51 0      
50 40 0      28 50 0      
49 40 0      28 49 0      
48 40 0      28 48 0      
47 40 0      28 47 0      
46 40 0      28 46 0      
45 40 0      28 45 0      
44 40 0      28 44 0      
43 40 0      28 43 0      
42 40 0      28 42 0      
41 40 0      28 41 0      
40 40 0      28 40 0      
39 40 0      28 39 0      
38 40 0      27 39 0      
37 40 0      26 39 0      
36 40 0      25 39 0      
35 40 0      25 38 0      
34 40 0      25 37 0      
33 40 0      25 36 0      
32 40 0      25 35 0      
31 40 0      25 34 0      
30 40 0      25 33 0      
29 40 0      25 32 0      
28 40 0      25 31 0      
27 40 0      25 30 0      
26 40 0      25 29 0      
25 40 0      25 28 0      
24 40 0      25 27 0      
23 40 0      25 26 0      
22 40 0      25 25 0      
21 40 0      25 24 0      
20 40 0       25 24 1      
20 40 0      25 23 0      
19 40 0      25 22 0      
18 40 0      25 21 0      
17 40 0       25 21 1      
17 40 0      25 20 0      
16 40 0      25 19 0      
15 40 0      25 18 0      
14 40 0      25 17 0      
13 40 0      25 16 0      
12 40 0      25 15 0      
11 40 0      25 14 0      
10 40 0      25 13 0      
9 40 0      25 12 0      
8 40 0      25 11 0      
7 40 0      25 10 0      
6 40 0      26 10 0      
5 40 0      27 10 0      
4 40 0      28 10 0      
3 40 0      29 10 0      
2 40 0      30 10 0      
1 40 0      31 10 0      
50 40 0      32 10 0      
49 40 0      33 10 0      
48 40 0       33 10 1      
48 40 0      34 10 0      
47 40 0      35 10 0      
46 40 0      36 10 0      
45 40 0      37 10 0      
44 40 0      38 10 0      
43 40 0      38 9 0      
42 40 0      38 8 0      
41 40 0      38 7 0      
40 40 0      38 6 0      
39 40 0      38 5 0      
38 40 0      38 4 0      
37 40 0      38 3 0      
36 40 0      38 52 0      
35 40 0      38 51 0      
34 40 0      38 50 0      
33 40 0      38 49 0      
32 40 0      38 48 0      
31 40 0      38 47 0      
30 40 0      38 46 0      
29 40 0      38 45 0      
28 40 0      38 44 0      
27 40 0      38 43 0      
26 40 0      38 42 0      
25 40 0      38 41 0      
24 40 0      38 40 0      
23 40 0      38 39 0      
22 40 0      38 38 0      
21 40 0      38 37 0      
20 40 0      38 36 0      
19 40 0      38 35 0      
18 40 0      39 35 0      
17 40 0      40 35 0      
16 40 0      41 35 0      
15 40 0      41 34 0      
14 40 0      41 33 0      
13 40 0      41 32 0      
12 40 0      41 31 0      
11 40 0      41 30 0      
10 40 0      41 29 0      
9 40 0      41 28 0      
8 40 0      41 27 0      
7 40 0      41 26 0      
6 40 0      41 25 0      
5 40 0      41 24 0      
4 40 0      41 23 0      
3 40 0      41 22 0      
2 40 0      41 21 0      
1 40 0      41 20 0      
50 40 0      41 19 0      
49 40 0      41 18 0      
48 40 0      41 17 0      
47 40 0      41 16 0      
46 40 0      41 15 0      
45 40 0      41 14 0      
44 40 0      41 13 0      
43 40 0      41 12 0      
42 40 0      41 11 0      
41 40 0      41 10 0      
40 40 0      40 10 0      
39 40 0      39 10 0      
38 40 0      38 10 0      
37 40 0      37 10 0      
36 40 0      36 10 0      
