10 40 0      40 20 0      
9 40 0      40 21 0      
8 40 0      39 21 0      
7 40 0      38 21 0      
6 40 0      37 21 0      
5 40 0      36 21 0      
4 40 0      35 21 0      
3 40 0      34 21 0      
2 40 0      33 21 0      
1 40 0      32 21 0      
50 40 0      31 21 0      
49 40 0      30 21 0      
48 40 0      29 21 0      
47 40 0      28 21 0      
46 40 0      28 22 0      
45 40 0      28 23 0      
44 40 0      28 24 0      
43 40 0      28 25 0      
42 40 0      28 26 0      
41 40 0      28 27 0      
40 40 0      28 28 0      
39 40 0      28 29 0      
38 40 0       28 29 1      
38 40 0      28 30 0      
37 40 0      28 31 0      
36 40 0       28 31 1      
36 40 0      28 32 0      
35 40 0      28 33 0      
34 40 0      28 34 0      
33 40 0      28 35 0      
32 40 0      28 36 0      
31 40 0      28 37 0      
30 40 0      28 38 0      
29 40 1      28 39 0      
28 40 0      28 40 0      
27 40 0      28 41 0      
26 40 0       28 41 1      
26 40 0      28 42 0      
25 40 0      27 42 0      
24 40 0      26 42 0      
23 40 0      25 42 0      
22 40 0      24 42 0      
21 40 0      23 42 0      
20 40 0       23 42 1      
20 40 0      22 42 0      
19 40 0      21 42 0      
18 40 0      20 42 0      
17 40 0      19 42 0      
16 40 0       19 42 1      
16 40 0      18 42 0      
15 40 0      17 42 0      
14 40 0      16 42 0      
13 40 0      15 42 0      
12 40 0      14 42 0      
11 40 0      13 42 0      
10 40 0      12 42 0      
9 40 0      11 42 0      
8 40 0      11 41 0      
7 40 0      11 40 0      
6 40 0      11 39 0      
5 40 0      11 38 0      
4 40 0      11 37 0      
3 40 0      11 36 0      
2 40 0      11 35 0      
1 40 0      12 35 0      
50 40 0      13 35 0      
49 40 0      14 35 0      
48 40 0      15 35 0      
47 40 0      16 35 0      
46 40 0      17 35 0      
45 40 0      18 35 0      
44 40 0      19 35 0      
43 40 0      20 35 0      
42 40 0      21 35 0      
41 40 0      22 35 0      
40 40 0      22 34 0      
39 40 0      23 34 0      
38 40 0      24 34 0      
37 40 0       24 34 1      
37 40 0      25 34 0      
36 40 0      26 34 0      
35 40 0      27 34 0      
34 40 0      28 34 0      
33 40 0      29 34 0      
32 40 0       29 34 1      
32 40 0      30 34 0      
31 40 0      31 34 0      
30 40 0      32 34 0      
29 40 0      33 34 0      
28 40 0      34 34 0      
27 40 0      35 34 0      
26 40 0      36 34 0      
25 40 0      37 34 0      
24 40 0      38 34 0      
23 40 0      39 34 0      
22 40 0      39 35 0      
21 40 0      39 36 0      
20 40 0      39 37 0      
19 40 0      39 38 0      
18 40 0      39 39 0      
17 40 0      39 40 0      
16 40 0      39 41 0      
15 40 0      38 41 0      
14 40 0      37 41 0      
13 40 0      36 41 0      
12 40 0      35 41 0      
11 40 0      34 41 0      
10 40 0       34 41 1      
10 40 0      33 41 0      
9 40 0      32 41 0      
8 40 0      31 41 0      
7 40 0      30 41 0      
6 40 0      29 41 0      
5 40 0      28 41 0      
4 40 0      27 41 0      
3 40 0      26 41 0      
2 40 0      25 41 0      
1 40 0      24 41 0      
50 40 0      23 41 0      
49 40 0      22 41 0      
48 40 0      21 41 0      
47 40 0      20 41 0      
46 40 0      19 41 0      
45 40 0      19 40 0      
44 40 0      20 40 0      
43 40 0      21 40 0      
42 40 0      22 40 0      
41 40 0      23 40 0      
40 40 0      24 40 0      
39 40 0      25 40 0      
38 40 0      26 40 0      
37 40 0      27 40 0      
36 40 0      28 40 0      
35 40 0      29 40 0      
34 40 0      30 40 0      
33 40 0      31 40 0      
32 40 0      32 40 0      
31 40 0      33 40 0      
30 40 0      34 40 0      
29 40 0      34 41 0      
28 40 0      34 42 0      
27 40 0      34 43 0      
26 40 0      34 44 0      
25 40 0      34 45 0      
24 40 0      34 46 0      
23 40 0      34 47 0      
22 40 0      34 48 0      
21 40 0      34 49 0      
20 40 0      34 50 0      
19 40 0      34 51 0      
18 40 0      34 52 0      
17 40 0      34 3 0      
16 40 0      34 4 0      
15 40 0      34 5 0      
14 40 0      34 6 0      
13 40 0      34 7 0      
12 40 0      34 8 0      
11 40 0      34 9 0      
10 40 0      35 9 0      
9 40 0      36 9 0      
8 40 0       36 9 1      
8 40 0      37 9 0      
7 40 0      38 9 0      
6 40 0      39 9 0      
5 40 0      40 9 0      
4 40 0      41 9 0      
3 40 0      42 9 0      
2 40 0      43 9 0      
1 40 0      44 9 0      
50 40 0      45 9 0      
49 40 0       45 9 1      
49 40 0      45 8 0      
48 40 0      45 7 0      
47 40 0      45 6 0      
46 40 0      45 5 0      
45 40 0      45 4 0      
44 40 0      44 4 0      
43 40 0      43 4 0      
42 40 0      42 4 0      
41 40 0      41 4 0      
40 40 0       41 4 1      
40 40 0      40 4 0      
39 40 0      39 4 0      
38 40 0      39 5 0      
37 40 0      39 6 0      
36 40 0      40 6 0      
35 40 0      40 7 0      
34 40 0      40 8 0      
33 40 0      40 9 0      
32 40 0      40 10 0      
31 40 0      40 11 0      
30 40 0      40 12 0      
29 40 0      40 13 0      
28 40 0      40 14 0      
27 40 0      40 15 0      
26 40 0      40 16 0      
25 40 0      40 17 0      
24 40 0      40 18 0      
23 40 0      40 19 0      
22 40 0      40 20 0      
21 40 0      40 21 0      
20 40 0      40 22 0      
19 40 0      40 23 0      
18 40 0      40 24 0      
17 40 0      40 25 0      
16 40 0      40 26 0      
15 40 0      40 27 0      
14 40 0      40 28 0      
13 40 0      40 29 0      
12 40 0      40 30 0      
11 40 0      40 31 0      
10 40 0      40 32 0      
9 40 0      40 33 0      
8 40 0      40 34 0      
7 40 0      40 35 0      
6 40 0      40 36 0      
5 40 0      40 37 0      
4 40 0      40 38 0      
3 40 0      40 39 0      
2 40 0      40 40 0      
1 40 0      40 41 0      
50 40 0      40 42 0      
49 40 0      40 43 0      
48 40 0      40 44 0      
47 40 0      40 45 0      
46 40 0      40 46 0      
45 40 0      40 47 0      
44 40 0      40 48 0      
43 40 0      40 49 0      
42 40 0      40 50 0      
41 40 0      40 51 0      
40 40 0      40 52 0      
39 40 0      40 3 0      
38 40 0      40 4 0      
37 40 0      40 5 0      
36 40 0      40 6 0      
35 40 0      40 7 0      
34 40 0      40 8 0      
33 40 0      40 9 0      
32 40 0      40 10 0      
31 40 0      40 11 0      
30 40 0      40 12 0      
29 40 0      40 13 0      
28 40 0      40 14 0      
27 40 0      40 15 0      
26 40 0      40 16 0      
25 40 0      40 17 0      
24 40 0      40 18 0      
23 40 0      40 19 0      
22 40 0      40 20 0      
21 40 0      40 21 0      
20 40 0      40 22 0      
19 40 0      40 23 0      
18 40 0      40 24 0      
17 40 0      40 25 0      
16 40 0      40 26 0      
15 40 0      40 27 0      
14 40 0      40 28 0      
13 40 0      40 29 0      
12 40 0      40 30 0      
11 40 0      41 30 0      
10 40 0      42 30 0      
9 40 0      43 30 0      
8 40 0       43 30 1      
8 40 0      44 30 0      
7 40 0      45 30 0      
6 40 0      46 30 0      
5 40 0      47 30 0      
4 40 0      48 30 0      
3 40 0      49 30 0      
2 40 0      0 30 0      
1 40 0      1 30 0      
50 40 0      2 30 0      
49 40 0      3 30 0      
48 40 0      4 30 0      
47 40 0      4 31 0      
46 40 0      4 32 0      
45 40 0      5 32 0      
44 40 0      6 32 0      
43 40 0      7 32 0      
42 40 0      8 32 0      
41 40 0      9 32 0      
40 40 0      10 32 0      
39 40 0      11 32 0      
38 40 0      12 32 0      
37 40 0      13 32 0      
36 40 0      14 32 0      
35 40 0      15 32 0      
34 40 0      16 32 0      
33 40 0      17 32 0      
32 40 0      18 32 0      
31 40 0       18 32 1      
31 40 0      19 32 0      
30 40 0      20 32 0      
29 40 0      21 32 0      
28 40 0      22 32 0      
27 40 0      22 33 0      
26 40 0      22 34 0      
25 40 0      22 35 0      
24 40 0      22 36 0      
23 40 0      22 37 0      
22 40 0      22 38 0      
21 40 0      22 39 0      
20 40 0      22 40 0      
19 40 0      22 41 0      
18 40 0      22 42 0      
17 40 0      22 43 0      
16 40 0      22 44 0      
15 40 0      23 44 0      
14 40 0      24 44 0      
13 40 0      25 44 0      
12 40 0      26 44 0      
11 40 0      27 44 0      
10 40 0      28 44 0      
9 40 0      29 44 0      
8 40 0      30 44 0      
7 40 0      31 44 0      
6 40 0      32 44 0      
5 40 0       32 44 1      
5 40 0      33 44 0      
4 40 0      34 44 0      
3 40 0      35 44 0      
2 40 0      36 44 0      
1 40 0       36 44 1      
1 40 0      37 44 0      
50 40 0      37 43 0      
49 40 0      37 42 0      
48 40 0      37 41 0      
47 40 0      38 41 0      
46 40 0      38 40 0      
45 40 0      38 39 0      
44 40 0      38 38 0      
43 40 0      38 37 0      
42 40 0      38 36 0      
41 40 0      38 35 0      
40 40 0      38 34 0      
39 40 0      38 33 0      
38 40 0      38 32 0      
37 40 0      38 31 0      
36 40 0      38 30 0      
35 40 0      38 29 0      
34 40 0      38 28 0      
33 40 0      38 27 0      
32 40 0      38 26 0      
31 40 0      38 25 0      
30 40 0      38 24 0      
29 40 0      38 23 0      
28 40 0      38 22 0      
27 40 0      38 21 0      
26 40 0      38 20 0      
25 40 0      38 19 0      
24 40 0      38 18 0      
23 40 0      38 17 0      
22 40 0      38 16 0      
21 40 0      38 15 0      
20 40 0      38 14 0      
19 40 0      38 13 0      
18 40 0      38 12 0      
17 40 0      38 11 0      
16 40 0      38 10 0      
15 40 0      38 9 0      
14 40 0      38 8 0      
13 40 0      37 8 0      
12 40 0      36 8 0      
11 40 0      36 7 0      
10 40 0      36 6 0      
9 40 0      36 5 0      
8 40 0      36 4 0      
7 40 0      36 3 0      
6 40 0      36 52 0      
5 40 0      36 51 0      
4 40 0      36 50 0      
3 40 0      36 49 0      
2 40 0      36 48 0      
1 40 0      36 47 0      
0 40 0       36 47 1      
50 40 0      36 46 0      
49 40 0      36 45 0      
48 40 0      36 44 0      
47 40 0      36 43 0      
46 40 0      36 42 0      
45 40 0      36 41 0      
44 40 0      36 40 0      
43 40 0      36 39 0      
42 40 0      36 38 0      
41 40 0      36 37 0      
40 40 0      36 36 0      
39 40 0      37 36 0      
38 40 0      38 36 0      
37 40 0      39 36 0      
36 40 0      40 36 0      
35 40 0      41 36 0      
34 40 0      42 36 0      
33 40 0      43 36 0      
32 40 0      44 36 0      
31 40 0      45 36 0      
30 40 0      46 36 0      
29 40 0      46 37 0      
28 40 0      46 38 0      
27 40 0      46 39 0      
26 40 0      46 40 0      
25 40 0      46 41 0      
24 40 0      46 42 0      
23 40 0      46 43 0      
22 40 0      46 44 0      
21 40 0      47 44 0      
20 40 0      48 44 0      
19 40 0      48 45 0      
18 40 0      48 46 0      
17 40 0      48 47 0      
16 40 0      48 48 0      
15 40 0      48 49 0      
14 40 0      48 50 0      
13 40 0      48 51 0      
12 40 0      48 52 0      
11 40 0      48 3 0      
10 40 0      49 3 0      
9 40 0      0 3 0      
8 40 0      1 3 0      
7 40 0      2 3 0      
6 40 0      3 3 0      
5 40 0      4 3 0      
4 40 0       4 3 1      
4 40 0      5 3 0      
3 40 0      6 3 0      
2 40 0      7 3 0      
1 40 0      8 3 0      
0 40 0       8 3 1      
50 40 0      9 3 0      
49 40 0      10 3 0      
48 40 0      11 3 0      
47 40 0      11 4 0      
46 40 0      11 5 0      
45 40 0      11 6 0      
44 40 0      11 7 0      
43 40 0      11 8 0      
42 40 0      11 9 0      
41 40 0      11 10 0      
40 40 0      11 11 0      
39 40 0      11 12 0      
38 40 0      11 13 0      
37 40 0      11 14 0      
36 40 0      12 14 0      
35 40 0      13 14 0      
34 40 0      14 14 0      
33 40 0      14 13 0      
32 40 0      14 12 0      
31 40 0      14 11 0      
30 40 0      14 10 0      
29 40 0      14 9 0      
28 40 0      14 8 0      
27 40 0      14 7 0      
26 40 0      14 6 0      
25 40 0      14 5 0      
24 40 0      14 4 0      
23 40 0      14 3 0      
22 40 0      14 52 0      
21 40 0      14 51 0      
20 40 0      14 50 0      
19 40 0      14 49 0      
18 40 0      14 48 0      
17 40 0      14 47 0      
16 40 0      14 46 0      
15 40 0      14 45 0      
14 40 0      14 44 0      
13 40 0      14 43 0      
12 40 0      14 42 0      
11 40 0      14 41 0      
10 40 0      14 40 0      
9 40 0      14 39 0      
8 40 0      14 38 0      
7 40 0      14 37 0      
6 40 0       14 37 1      
6 40 0      14 36 0      
5 40 0      14 35 0      
4 40 0      14 34 0      
3 40 0      14 33 0      
2 40 0      14 32 0      
1 40 0      14 31 0      
50 40 0      14 30 0      
49 40 0       14 30 1      
49 40 0      14 29 0      
48 40 0      14 28 0      
47 40 0       14 28 1      
47 40 0      14 27 0      
46 40 0      14 26 0      
45 40 0      14 25 0      
44 40 0      14 24 0      
43 40 0      14 23 0      
42 40 0      14 22 0      
41 40 0      14 21 0      
40 40 0      14 20 0      
39 40 0      14 19 0      
38 40 0       14 19 1      
38 40 0      14 18 0      
37 40 0       14 18 1      
37 40 0      14 17 0      
36 40 0      14 16 0      
35 40 0      14 15 0      
34 40 0      14 14 0      
33 40 0      14 13 0      
32 40 0      13 13 0      
31 40 0      13 12 0      
30 40 0      13 11 0      
29 40 0      13 10 0      
28 40 0      13 9 0      
27 40 0       13 9 1      
27 40 0      13 8 0      
26 40 0      13 7 0      
25 40 0      13 6 0      
24 40 0      13 5 0      
23 40 0      13 4 0      
22 40 0      13 3 0      
21 40 0      13 52 0      
20 40 0      13 51 0      
19 40 0      13 50 0      
18 40 0      13 49 0      
17 40 0      13 48 0      
16 40 0      13 47 0      
15 40 0      13 46 0      
14 40 0      13 45 0      
13 40 0      13 44 0      
12 40 0      13 43 0      
11 40 0      13 42 0      
10 40 0      13 41 0      
9 40 0      13 40 0      
8 40 0      13 39 0      
7 40 0      13 38 0      
6 40 0      13 37 0      
5 40 0      13 36 0      
4 40 0      13 35 0      
3 40 0      13 34 0      
2 40 0      13 33 0      
1 40 0      13 32 0      
50 40 0      13 31 0      
49 40 0      13 30 0      
48 40 0      13 29 0      
47 40 0      13 28 0      
46 40 0      13 27 0      
45 40 0      13 26 0      
44 40 0      13 25 0      
43 40 0      13 24 0      
42 40 0      13 23 0      
41 40 0      13 22 0      
40 40 0      13 21 0      
39 40 0      13 20 0      
38 40 0      13 19 0      
37 40 0       13 19 1      
37 40 0      13 18 0      
36 40 0      13 17 0      
35 40 0      13 16 0      
34 40 0      14 16 0      
33 40 0      15 16 0      
32 40 0      16 16 0      
31 40 0      17 16 0      
30 40 0      18 16 0      
29 40 0      19 16 0      
28 40 0      20 16 0      
27 40 0      21 16 0      
26 40 0      22 16 0      
25 40 0      23 16 0      
24 40 0      24 16 0      
23 40 0      25 16 0      
22 40 0      26 16 0      
21 40 0      27 16 0      
20 40 0      28 16 0      
19 40 0      29 16 0      
18 40 0      30 16 0      
17 40 0      31 16 0      
16 40 0      32 16 0      
15 40 0      33 16 0      
14 40 0      34 16 0      
13 40 0      35 16 0      
12 40 0      36 16 0      
11 40 0      37 16 0      
10 40 0      38 16 0      
9 40 0      39 16 0      
8 40 0      40 16 0      
7 40 0      40 17 0      
6 40 0      40 18 0      
5 40 0      40 19 0      
4 40 0      40 20 0      
3 40 0      40 21 0      
2 40 0      40 22 0      
1 40 0      40 23 0      
50 40 0      40 24 0      
49 40 0      40 25 0      
48 40 0      39 25 0      
47 40 0      38 25 0      
46 40 0      38 26 0      
45 40 0      38 27 0      
44 40 0      38 28 0      
43 40 0      39 28 0      
42 40 0      40 28 0      
41 40 0      41 28 0      
40 40 0      42 28 0      
39 40 0      43 28 0      
38 40 0      44 28 0      
37 40 0      45 28 0      
36 40 0      45 29 0      
