10 40 0      40 20 0      
9 40 0      39 20 0      
8 40 0      38 20 0      
7 40 0      37 20 0      
6 40 0      36 20 0      
5 40 0      35 20 0      
4 40 0      34 20 0      
3 40 0      33 20 0      
2 40 0      32 20 0      
1 40 0       32 20 1      
1 40 0      31 20 0      
50 40 0      30 20 0      
49 40 0      29 20 0      
48 40 0      28 20 0      
47 40 0      27 20 0      
46 40 0      26 20 0      
45 40 0      25 20 0      
44 40 0      24 20 0      
43 40 0      24 19 0      
42 40 0      24 18 0      
41 40 0      25 18 0      
40 40 0      26 18 0      
39 40 0      27 18 0      
38 40 0      28 18 0      
37 40 0      29 18 0      
36 40 0       29 18 1      
36 40 0      30 18 0      
35 40 0      31 18 0      
34 40 0      32 18 0      
33 40 0       32 18 1      
33 40 0      33 18 0      
32 40 0      33 17 0      
31 40 0      34 17 0      
30 40 0      35 17 0      
29 40 0      36 17 0      
28 40 0      37 17 0      
27 40 0      38 17 0      
26 40 0      39 17 0      
25 40 0      39 18 0      
24 40 1      39 19 0      
23 40 0      39 20 0      
22 40 0      39 21 0      
21 40 0      39 22 0      
20 40 0      39 23 0      
19 40 0      40 23 0      
18 40 0      41 23 0      
17 40 0      42 23 0      
16 40 0      43 23 0      
15 40 0      43 22 0      
14 40 0      43 21 0      
13 40 0      43 20 0      
12 40 0      43 19 0      
11 40 0      43 18 0      
10 40 0      43 17 0      
9 40 0      43 16 0      
8 40 0      43 15 0      
7 40 0      43 14 0      
6 40 0      43 13 0      
5 40 0      43 12 0      
4 40 0      43 11 0      
3 40 0      43 10 0      
2 40 0      43 9 0      
1 40 0      43 8 0      
0 40 0       43 8 1      
50 40 0      43 7 0      
49 40 0      43 6 0      
48 40 0      43 5 0      
47 40 0      43 4 0      
46 40 0      44 4 0      
45 40 0      45 4 0      
44 40 0      46 4 0      
43 40 0      46 5 0      
42 40 0      46 6 0      
41 40 0      46 7 0      
40 40 0      46 8 0      
39 40 0      46 9 0      
38 40 0      45 9 0      
37 40 0      44 9 0      
36 40 0      43 9 0      
35 40 0      42 9 0      
34 40 0      41 9 0      
33 40 0      40 9 0      
32 40 0      39 9 0      
31 40 0      38 9 0      
30 40 0      37 9 0      
29 40 0      36 9 0      
28 40 0      35 9 0      
27 40 0      34 9 0      
26 40 0      33 9 0      
25 40 0      32 9 0      
24 40 0      31 9 0      
23 40 0      30 9 0      
22 40 0      29 9 0      
21 40 0      28 9 0      
20 40 0      27 9 0      
19 40 0      26 9 0      
18 40 0      25 9 0      
17 40 0       25 9 1      
17 40 0      24 9 0      
16 40 0      23 9 0      
15 40 0      23 10 0      
14 40 0       23 10 1      
14 40 0      23 11 0      
13 40 0      23 12 0      
12 40 0      23 13 0      
11 40 0      23 14 0      
10 40 0      23 15 0      
9 40 0      23 16 0      
8 40 0      23 17 0      
7 40 0      23 18 0      
6 40 0      23 19 0      
5 40 0       23 19 1      
5 40 0      22 19 0      
4 40 0      21 19 0      
3 40 0      20 19 0      
2 40 0      19 19 0      
1 40 0      19 18 0      
50 40 0      19 17 0      
49 40 0      19 16 0      
48 40 0      19 15 0      
47 40 0      19 14 0      
46 40 0      20 14 0      
45 40 0      21 14 0      
44 40 0      22 14 0      
43 40 0      23 14 0      
42 40 0      24 14 0      
41 40 0      24 15 0      
40 40 0      24 16 0      
39 40 0      24 17 0      
38 40 0      24 18 0      
37 40 0      24 19 0      
36 40 0      24 20 0      
35 40 0      24 21 0      
34 40 0      24 22 0      
33 40 0      24 23 0      
32 40 0      24 24 0      
31 40 0      24 25 0      
30 40 0      24 26 0      
29 40 0      24 27 0      
28 40 0      24 28 0      
27 40 0      24 29 0      
26 40 0      24 30 0      
25 40 0      24 31 0      
24 40 0      23 31 0      
23 40 0      22 31 0      
22 40 0      21 31 0      
21 40 0      20 31 0      
20 40 0      19 31 0      
19 40 0      18 31 0      
18 40 0      17 31 0      
17 40 0      16 31 0      
16 40 0      15 31 0      
15 40 0      14 31 0      
14 40 0      13 31 0      
13 40 0      12 31 0      
12 40 0      11 31 0      
11 40 0      10 31 0      
10 40 0      9 31 0      
9 40 0      8 31 0      
8 40 0       8 31 1      
8 40 0      8 32 0      
7 40 0      7 32 0      
6 40 0      6 32 0      
5 40 0       6 32 1      
5 40 0      5 32 0      
4 40 0      4 32 0      
3 40 0      3 32 0      
2 40 0      2 32 0      
1 40 0      1 32 0      
50 40 0      0 32 0      
49 40 0      49 32 0      
48 40 0      48 32 0      
47 40 0      47 32 0      
46 40 0      46 32 0      
45 40 0      45 32 0      
44 40 0      44 32 0      
43 40 0      43 32 0      
42 40 0      42 32 0      
41 40 0      41 32 0      
40 40 0      40 32 0      
39 40 0      39 32 0      
38 40 0      38 32 0      
37 40 0      37 32 0      
36 40 0      36 32 0      
35 40 0      35 32 0      
34 40 0      34 32 0      
33 40 0      33 32 0      
32 40 0      32 32 0      
31 40 0      31 32 0      
30 40 0      30 32 0      
29 40 0      29 32 0      
28 40 0      28 32 0      
27 40 0      28 31 0      
26 40 0      28 30 0      
25 40 0      28 29 0      
24 40 0      28 28 0      
23 40 0      28 27 0      
22 40 0      28 26 0      
21 40 0      28 25 0      
20 40 0      28 24 0      
19 40 0      28 23 0      
18 40 0      28 22 0      
17 40 0      28 21 0      
16 40 0      27 21 0      
15 40 0      26 21 0      
14 40 0      25 21 0      
13 40 0      24 21 0      
12 40 0      23 21 0      
11 40 0      22 21 0      
10 40 0      21 21 0      
9 40 0      20 21 0      
8 40 0       20 21 1      
8 40 0      19 21 0      
7 40 0      18 21 0      
6 40 0      17 21 0      
5 40 0      16 21 0      
4 40 0      15 21 0      
3 40 0      15 22 0      
2 40 0      15 23 0      
1 40 0       15 23 1      
1 40 0      15 24 0      
50 40 0      15 25 0      
49 40 0      15 26 0      
48 40 0      15 27 0      
47 40 0      15 28 0      
46 40 0      15 29 0      
45 40 0      15 30 0      
44 40 0      15 31 0      
43 40 0      15 32 0      
42 40 0       15 32 1      
42 40 0      15 33 0      
41 40 0      15 34 0      
40 40 0      15 35 0      
39 40 0      15 36 0      
38 40 0      15 37 0      
37 40 0      15 38 0      
36 40 0      15 39 0      
35 40 0      15 40 0      
34 40 0      15 41 0      
33 40 0      15 42 0      
32 40 0      15 43 0      
31 40 0      15 44 0      
30 40 0      15 45 0      
29 40 0      15 46 0      
28 40 0      15 47 0      
27 40 0      15 48 0      
26 40 0      15 49 0      
25 40 0      15 50 0      
24 40 0      15 51 0      
23 40 0      15 52 0      
22 40 0      15 3 0      
21 40 0      16 3 0      
20 40 0      17 3 0      
19 40 0      18 3 0      
18 40 0       18 3 1      
18 40 0      19 3 0      
17 40 0      20 3 0      
16 40 0      21 3 0      
15 40 0      22 3 0      
14 40 0      23 3 0      
13 40 0      24 3 0      
12 40 0      25 3 0      
11 40 0      26 3 0      
10 40 0      27 3 0      
9 40 0      28 3 0      
8 40 0      29 3 0      
7 40 0      30 3 0      
6 40 0      31 3 0      
5 40 0      31 2 0      
4 40 0      32 53 0      
3 40 0      33 53 0      
2 40 0      34 53 0      
1 40 0      35 53 0      
50 40 0      36 53 0      
49 40 0      37 53 0      
48 40 0      38 53 0      
47 40 0      39 53 0      
46 40 0      40 53 0      
45 40 0      41 53 0      
44 40 0      42 53 0      
43 40 0      43 53 0      
42 40 0      44 53 0      
41 40 0      45 53 0      
40 40 0      46 53 0      
39 40 0      46 54 0      
38 40 0      46 3 0      
37 40 0      46 4 0      
36 40 0      46 5 0      
35 40 0      46 6 0      
34 40 0      46 7 0      
33 40 0      46 8 0      
32 40 0      45 8 0      
31 40 0      44 8 0      
30 40 0      43 8 0      
29 40 0      42 8 0      
28 40 0      41 8 0      
27 40 0      41 9 0      
26 40 0      41 10 0      
25 40 0      41 11 0      
24 40 0      41 12 0      
23 40 0      41 13 0      
22 40 0      41 14 0      
21 40 0      41 15 0      
20 40 0      41 16 0      
19 40 0      41 17 0      
18 40 0      41 18 0      
17 40 0      41 19 0      
16 40 0      40 19 0      
15 40 0      39 19 0      
14 40 0      38 19 0      
13 40 0      37 19 0      
12 40 0      36 19 0      
11 40 0      35 19 0      
10 40 0      35 18 0      
9 40 0      35 17 0      
8 40 0      35 16 0      
7 40 0      35 15 0      
6 40 0      35 14 0      
5 40 0      35 13 0      
4 40 0      35 12 0      
3 40 0      35 11 0      
2 40 0      35 10 0      
1 40 0      35 9 0      
50 40 0      35 8 0      
49 40 0      35 7 0      
48 40 0      35 6 0      
47 40 0      35 5 0      
46 40 0      35 4 0      
45 40 0      36 4 0      
44 40 0      37 4 0      
43 40 0      38 4 0      
42 40 0      39 4 0      
41 40 0      39 3 0      
40 40 0      39 52 0      
39 40 0      39 51 0      
38 40 0      39 50 0      
37 40 0      39 49 0      
36 40 0      39 48 0      
35 40 0      39 47 0      
34 40 0      39 46 0      
33 40 0      39 45 0      
32 40 0      39 44 0      
31 40 0      39 43 0      
30 40 0      40 43 0      
29 40 0      41 43 0      
28 40 0      42 43 0      
27 40 0      43 43 0      
26 40 0      44 43 0      
25 40 0      44 44 0      
24 40 0      44 45 0      
23 40 0       44 45 1      
23 40 0      44 46 0      
22 40 0      44 47 0      
21 40 0      44 48 0      
20 40 0       44 48 1      
20 40 0      44 49 0      
19 40 0      43 49 0      
18 40 0       43 49 1      
18 40 0      42 49 0      
17 40 0      41 49 0      
16 40 0      40 49 0      
15 40 0      39 49 0      
14 40 0      38 49 0      
13 40 0      37 49 0      
12 40 0      36 49 0      
11 40 0       36 49 1      
11 40 0      35 49 0      
10 40 0      34 49 0      
9 40 0      33 49 0      
8 40 0      32 49 0      
7 40 0      31 49 0      
6 40 0      30 49 0      
5 40 0      29 49 0      
4 40 0      28 49 0      
3 40 0      28 50 0      
2 40 0      28 51 0      
1 40 0      28 52 0      
50 40 0      28 3 0      
49 40 0      27 3 0      
48 40 0      26 3 0      
47 40 0      25 3 0      
46 40 0      24 3 0      
45 40 0      23 3 0      
44 40 0      22 3 0      
43 40 0      21 3 0      
42 40 0      20 3 0      
41 40 0      19 3 0      
40 40 0      18 3 0      
39 40 0      17 3 0      
38 40 0      17 4 0      
37 40 0      17 5 0      
36 40 0      17 6 0      
35 40 0      17 7 0      
34 40 0      17 8 0      
33 40 0      17 9 0      
32 40 0      17 10 0      
31 40 0      18 10 0      
30 40 0      18 11 0      
29 40 0      18 12 0      
28 40 0      18 13 0      
27 40 0      19 13 0      
26 40 0      20 13 0      
25 40 0      21 13 0      
24 40 0      22 13 0      
23 40 0      23 13 0      
22 40 0      24 13 0      
21 40 0      25 13 0      
20 40 0      26 13 0      
19 40 0       26 13 1      
19 40 0      27 13 0      
18 40 0      28 13 0      
17 40 0      28 12 0      
16 40 0      28 11 0      
15 40 0      28 10 0      
14 40 0      28 9 0      
13 40 0      28 8 0      
12 40 0      28 7 0      
11 40 0      28 6 0      
10 40 0      28 5 0      
9 40 0      28 4 0      
8 40 0       28 4 1      
8 40 0      28 3 0      
7 40 0      27 53 0      
6 40 0      26 53 0      
5 40 0      25 53 0      
4 40 0      25 52 0      
3 40 0      25 51 0      
2 40 0      25 50 0      
1 40 0      25 49 0      
0 40 0       25 49 1      
50 40 0      25 48 0      
49 40 0      25 47 0      
48 40 0      25 46 0      
47 40 0      25 45 0      
46 40 0       25 45 1      
46 40 0      26 45 0      
45 40 0      27 45 0      
44 40 0      28 45 0      
43 40 0      29 45 0      
42 40 0       29 45 1      
42 40 0      30 45 0      
41 40 0      31 45 0      
40 40 0      32 45 0      
39 40 0      33 45 0      
38 40 0      34 45 0      
37 40 0      34 46 0      
36 40 0      34 47 0      
35 40 0      34 48 0      
34 40 0      34 49 0      
33 40 0      34 50 0      
32 40 0      34 51 0      
31 40 0      34 52 0      
30 40 0      34 3 0      
29 40 0       34 3 1      
29 40 0      34 4 0      
28 40 0      34 5 0      
27 40 0       34 5 1      
27 40 0      34 6 0      
26 40 0      34 7 0      
25 40 0      33 7 0      
24 40 0      32 7 0      
23 40 0      32 8 0      
22 40 0      32 9 0      
21 40 0      32 10 0      
20 40 0      32 11 0      
19 40 0      31 11 0      
18 40 0      30 11 0      
17 40 0      29 11 0      
16 40 0      28 11 0      
15 40 0      27 11 0      
14 40 0      26 11 0      
13 40 0      25 11 0      
12 40 0      24 11 0      
11 40 0      23 11 0      
10 40 0      22 11 0      
9 40 0      21 11 0      
8 40 0      20 11 0      
7 40 0      19 11 0      
6 40 0      18 11 0      
5 40 0      17 11 0      
4 40 0      16 11 0      
3 40 0      16 10 0      
2 40 0      16 9 0      
1 40 0      16 8 0      
50 40 0      16 7 0      
49 40 0      16 6 0      
48 40 0      16 5 0      
47 40 0      16 4 0      
46 40 0      16 3 0      
45 40 0      16 52 0      
44 40 0      16 51 0      
43 40 0      16 50 0      
42 40 0      15 50 0      
41 40 0      14 50 0      
40 40 0      13 50 0      
39 40 0      12 50 0      
38 40 0      12 51 0      
37 40 0      12 52 0      
36 40 0      12 3 0      
35 40 0      12 4 0      
34 40 0      12 5 0      
33 40 0      12 6 0      
32 40 0      12 7 0      
31 40 0      12 8 0      
30 40 0      12 9 0      
29 40 0      12 10 0      
28 40 0      12 11 0      
27 40 0      12 12 0      
26 40 0      12 13 0      
25 40 0      12 14 0      
24 40 0      12 15 0      
23 40 0      12 16 0      
22 40 0      12 17 0      
21 40 0      11 17 0      
20 40 0      10 17 0      
19 40 0      10 18 0      
18 40 0      9 18 0      
17 40 0      8 18 0      
16 40 0      7 18 0      
15 40 0      7 19 0      
14 40 0      7 20 0      
13 40 0      7 21 0      
12 40 0      7 22 0      
11 40 0      7 23 0      
10 40 0      7 24 0      
9 40 0      7 25 0      
8 40 0      7 26 0      
7 40 0       7 26 1      
7 40 0      7 27 0      
6 40 0      7 28 0      
5 40 0      7 29 0      
4 40 0      7 30 0      
3 40 0      7 31 0      
2 40 0      7 32 0      
1 40 0      7 33 0      
50 40 0      7 34 0      
49 40 0      7 35 0      
48 40 0      7 36 0      
47 40 0      7 37 0      
46 40 0      7 38 0      
45 40 0      7 39 0      
44 40 0      7 40 0      
43 40 0      7 41 0      
42 40 0      7 42 0      
41 40 0      7 43 0      
40 40 0      7 44 0      
39 40 0      7 45 0      
38 40 0      7 46 0      
37 40 0      7 47 0      
36 40 0      7 48 0      
35 40 0      6 48 0      
34 40 0      5 48 0      
33 40 0      4 48 0      
32 40 0      3 48 0      
31 40 0      2 48 0      
30 40 0      1 48 0      
29 40 0      0 48 0      
28 40 0      49 48 0      
27 40 0      48 48 0      
26 40 0      47 48 0      
25 40 0      46 48 0      
24 40 0      45 48 0      
23 40 0      45 47 0      
22 40 0      45 46 0      
21 40 0      45 45 0      
20 40 0      44 45 0      
19 40 0      43 45 0      
18 40 0      42 45 0      
17 40 0      41 45 0      
16 40 0      40 45 0      
15 40 0      39 45 0      
14 40 0      38 45 0      
13 40 0      37 45 0      
12 40 0      37 44 0      
11 40 0      37 43 0      
10 40 0      37 42 0      
9 40 0      37 41 0      
