19327
19466
19394
28352
24595
21682
24039
18700
19198
17940
19831
21273
17124
19739
22022
18121
22011
20732
17502
21134
18176
19484
17691
19429
18658
17975
16585
24028
21136
25459
19992
18044
20000
21137
18357
21843
21291
23969
21150
18369
22572
18846
32200
19876
19568
21382
17178
19830
17428
22510
18070
23851
25529
26949
21093
20394
21295
19107
28984
18435
25043
15618
21541
23442
17373
17820
22441
18238
17618
28015
23857
21118
21911
19843
25993
22341
17500
18994
18914
23061
20129
19620
20949
16386
21175
24595
20413
20397
18859
18002
18944
23160
23122
23147
18259
22840
33551
28436
22859
20539
19250
18384
21296
20171
21697
24958
16155
18136
21700
18076
18112
22518
24116
19030
23398
18535
21885
21200
23691
20919
19525
18158
24412
27263
21965
17243
18378
23010
20313
26905
27134
16663
21572
20805
24061
27677
18786
23047
21923
16057
24225
19970
29321
23608
19350
24547
22015
25429
20500
16252
23745
20281
23805
20094
21418
19862
19637
18833
16317
25946
21336
16346
17743
26442
19541
26448
28965
23770
21004
17919
20407
20475
23040
19097
19984
18109
20488
21325
20709
20000
25107
16799
17225
20349
25152
20938
17307
18607
23521
21574
21469
20893
19871
20552
22786
23612
25457
18525
17013
27372
18655
19653
22259
16406
19427
16930
32581
24359
21008
17333
21013
24377
20734
19029
25038
26674
14136
24170
18950
20448
21047
17840
22544
17279
20724
17126
20066
24852
23844
16486
22321
20147
22741
20833
19341
17361
19513
18229
17095
18608
21838
23191
18264
23426
24450
17206
20499
17718
24977
22140
19104
21566
17383
20935
25017
18082
23493
18582
22092
25550
19445
25395
16752
19719
25167
18241
22389
23398
23151
26562
24020
19536
22834
23745
17694
20803
17190
23421
17925
17711
25156
19756
20531
20985
17511
17659
20102
18657
16451
20880
17848
27888
23342
22240
16441
19966
20275
27487
19643
19093
19107
20425
18506
22255
30985
18323
19365
20466
20490
22904
25310
21857
20869
19676
22233
20399
22121
25888
16730
24026
17325
20788
28737
17238
25460
21803
19735
19471
23865
19601
20896
20882
22280
21560
20188
20647
21665
25194
17690
20533
15354
27741
21586
21341
30128
18821
25274
18589
21923
24270
23112
21886
20895
17966
17320
23847
19995
17483
29454
19494
19132
17566
19620
16346
20315
21241
23423
16191
25334
22926
19818
26032
22823
16217
20038
20132
17558
26070
19880
17427
22884
26603
14292
18238
23077
19226
21939
18442
22711
20269
19754
27730
18928
17911
20622
18314
18933
18222
19425
22712
29572
17985
17774
19976
22029
23170
22744
19936
26862
17608
20800
26692
22819
19844
27383
19909
17989
18184
22486
16556
19302
22665
22196
17696
21186
21560
20719
27996
24093
18573
21333
21101
22061
16007
21470
18898
17504
16620
20013
17142
19500
27303
19254
23521
18527
20862
18660
15641
23644
24020
20267
20132
21181
25654
29584
20341
20628
18805
16981
17926
18677
20169
24553
20190
20706
15886
22336
18995
20376
22751
23765
18679
25568
21511
22965
20026
19396
23826
17449
18029
27684
16986
18105
18309
20798
17824
21815
22760
19231
26600
20621
22362
21014
18870
21462
20014
24549
21887
17249
19515
