22003
18662
20238
24446
18622
23436
16057
20316
20900
29108
19353
22444
22735
22469
24915
18305
29930
18792
20193
21384
28752
28494
23404
23793
15352
16588
18819
26497
21579
25521
17788
22593
26285
22633
26168
25249
21156
18065
17702
27158
20965
27447
19072
21167
17081
27306
16359
19646
19379
27307
18979
14930
20981
21669
22851
27008
19180
21152
23116
20168
20095
17929
23028
20743
23849
18682
23229
26871
25641
20266
18119
18554
19867
26294
18326
22451
20493
19739
23692
17863
18140
26085
20535
27601
22263
21478
19347
20585
20585
15538
21789
23150
18774
22559
30053
22382
22217
25548
15576
19721
24664
19403
18906
19751
17343
22346
21596
18994
19070
17575
18419
22547
17191
24202
16794
27276
19418
18234
17508
18262
20779
21884
20461
19976
18906
21429
19736
20838
18663
18944
18991
20447
20472
19910
21099
24822
26829
20075
21386
22141
25655
19682
20624
17546
20023
19477
21963
27534
26863
15817
18320
20261
20937
19479
21853
24960
21829
19930
20045
19118
22664
19691
22157
20654
19651
17393
28802
22684
20274
20820
15594
17879
18006
19046
18301
17931
23854
18507
20859
17316
21061
31181
22897
21536
20257
19072
21447
19903
19420
20062
27158
21983
19235
21166
22262
25578
17235
29932
27905
20303
17267
21791
22282
21660
19586
21587
22315
21755
20401
18997
21495
25950
21244
20055
20601
21326
35922
15941
23471
20114
21762
24743
18083
21697
20200
18638
18085
22770
20418
17059
20376
19051
20123
20598
23759
18386
20664
20254
28739
24556
21271
20051
27142
19731
18806
18999
24825
21999
18085
22642
29012
20211
19231
17246
15462
19281
20649
22450
23650
22200
19859
23666
22150
23191
18707
22102
15068
22170
23654
25976
17165
25803
21765
20568
22526
18276
18676
16854
20395
20805
19699
23107
19332
21530
21724
18765
24486
16938
18482
17566
22382
20674
19020
21600
22935
19086
20555
22855
22553
24338
16535
25777
27857
19044
14942
22010
18223
16359
18782
22088
19279
20194
21354
17744
19418
21098
20713
20798
18519
26726
21075
21088
19595
18772
16233
19253
22514
20254
23671
18033
21339
18575
21337
22056
23499
18398
20701
18048
17499
17641
26427
18814
21219
17757
21542
22233
15804
22862
20247
19604
22857
16785
20078
24364
23397
24773
20606
21176
17890
21588
17371
23002
16743
21881
18772
20442
19493
18276
19365
28182
21204
19963
28522
24008
19704
20069
18963
17077
18103
20802
20367
15920
19714
23781
17509
19554
21176
24176
16918
18721
33884
23648
25308
24975
23734
21951
15466
21338
20151
15323
23616
26719
21915
21083
20727
18758
20971
28524
22771
16109
17627
18145
21693
20868
19745
19964
21790
19171
35404
22266
23874
18223
18176
18645
18847
25969
22836
20723
32505
19163
24081
23355
20164
28911
23518
21406
20604
32315
19217
27480
19562
20960
22957
19135
17521
21342
18543
24290
20530
17773
15939
18207
28095
18204
21463
19842
36779
17905
22382
21457
20476
18533
20313
19373
28347
19782
21646
19579
26606
24670
19352
19099
19568
32471
18399
18995
20840
18764
20032
25620
16419
19961
17915
20044
34242
21921
22982
18128
19672
21087
20303
19231
20902
18134
19175
26074
28279
16637
20913
21870
