22903
17020
20159
18506
19820
18656
23779
16092
19713
20089
18588
24948
16965
21221
18933
19720
19628
17932
15709
30258
20294
19782
20145
21190
21655
23578
22159
19509
21643
19540
31304
21662
19388
19404
19426
20926
21686
20195
25934
28233
16641
24083
18982
19045
18221
21728
19489
25153
21991
17850
20267
19993
22043
20055
21722
16834
24582
19235
17994
16357
21561
16603
21494
19150
22215
21603
22688
16831
22066
25577
16495
20707
17786
15391
18466
21484
21783
18180
17917
22128
26312
20860
22163
18899
17910
21174
18720
23117
20516
22511
22862
20372
16873
17464
28499
22509
21281
21848
26764
15540
22358
18085
22631
18386
18303
23151
20011
25658
16852
21891
28778
17821
20297
20912
15367
17804
19351
22789
17685
19903
19079
22754
19474
24547
18600
17814
20648
18066
27080
21631
16298
22415
15633
24305
20658
24510
18428
29163
22009
20654
20195
18163
18243
22155
20157
16953
18211
19494
25945
21673
18476
26470
19181
23061
22956
17480
22006
22724
18113
21956
19889
19588
23970
19868
23624
19831
21146
18503
20819
22511
21561
18667
18600
15912
22200
21262
20650
19524
21425
22764
29129
20986
15596
21737
19647
17499
21750
24174
20382
19897
19168
20621
20198
22651
18290
18670
18559
15280
22248
17478
20058
17658
20755
21397
25472
23588
22821
23564
19962
21611
15913
20522
22394
21006
19097
18373
18265
22649
19263
28495
23247
19684
32511
26803
19426
23516
15894
23587
19181
20887
17900
21365
20372
17821
22059
20876
23185
24551
24199
24181
19546
20776
18532
19921
21373
16260
19021
20199
19203
22400
22384
20801
21731
20988
30817
16063
23102
18217
16780
22508
20301
19104
26096
18443
18883
23555
31002
28938
21853
18414
22202
21439
24587
18512
14727
19999
27294
19215
18603
21457
17462
20910
20611
18465
18112
24719
18210
20466
20389
19291
14623
15908
22386
21606
31770
20887
21186
23780
26047
21751
18552
21555
20998
23976
20128
17142
18654
20454
21559
18715
20403
14739
29288
17463
18193
19068
20661
21789
21398
18709
26170
21057
16631
19094
18054
17656
18562
20312
21407
18418
21414
19730
23560
20143
16927
20446
21147
23262
22004
23945
25929
16751
21064
19347
20342
23147
18858
21964
20513
16345
23035
17967
22655
18149
16940
32702
22025
20081
25638
24686
20164
24595
15950
19327
18912
20674
22358
26008
20605
19147
18585
23078
21449
19761
28114
22610
16588
18888
22273
22797
23975
17799
18594
19094
20811
17263
21359
22506
20565
18105
22499
18891
21753
21872
26015
21248
15973
19828
23625
20470
15847
17922
17648
18998
18082
22433
16262
16422
20864
17408
17524
20962
18569
17831
21524
29014
19806
17490
18842
20759
17835
19463
21507
20049
18135
20911
19288
21502
23444
16460
23721
20807
20874
16854
23875
20220
18187
18204
16687
18757
25010
19826
18458
27561
19766
17321
15342
21310
23520
17351
20132
19354
12816
18273
21841
24739
17143
17440
16010
19212
20781
22715
23390
15783
20110
17291
20634
19355
24563
22170
20589
23748
19973
21428
16628
22317
21680
22330
17510
19375
21120
22929
19198
16250
22636
19276
21659
18119
19076
18558
16398
24846
18960
19721
14851
20945
25129
18142
19262
20593
