18962
25538
21148
25365
24423
20348
46072
19676
18625
21469
18019
25289
19897
19445
20940
15456
29559
34491
19708
32099
20094
22186
17617
22059
19673
21732
17355
19152
22752
19316
19070
18401
22469
19981
18418
20180
20848
22620
17879
21412
23833
20058
29473
28891
17357
22615
21901
23541
22893
19575
20441
19984
21464
19824
19819
17984
28735
27827
19558
23899
22549
23817
19122
24553
17607
17910
24778
20073
18884
16615
22197
20062
22432
16089
21225
20013
19061
23637
19064
28095
21137
19385
20850
19237
19794
28776
17265
21822
18292
23501
16709
15215
22582
24564
25892
22053
22203
17634
26467
19307
21861
20527
23364
21657
18258
28140
19129
21886
21439
17746
15669
23495
18798
22924
25400
19763
18908
19062
23538
21619
19745
18877
17957
18437
28806
16773
22844
24074
27990
17539
20523
24261
21848
25581
29106
19311
19547
16872
18234
31232
19548
22620
20205
22166
21436
24836
22509
17145
22855
25409
19339
23915
18702
20967
20785
25595
21069
22670
21670
16743
20192
20817
26002
17717
19121
18710
19519
17120
24984
25813
24391
26273
20408
29389
19238
17590
24206
18566
22155
22663
21980
20082
22271
21868
22294
19966
22184
28771
23093
17812
18817
20127
23173
19002
29298
22140
20726
29418
26422
21396
19801
20306
19369
20133
21141
23083
20600
18239
20870
20770
20086
19648
20114
27123
19101
19726
27179
24101
25751
18992
22149
20525
23644
29231
20391
28367
15574
18938
18215
19272
24769
24101
26535
19326
28261
24933
22572
19541
27563
21354
17540
22030
19031
23652
21917
22566
18720
24795
20350
23715
26764
20304
21600
17871
18329
20756
22571
20381
21121
27924
23868
18664
22390
22825
25840
17892
18471
22390
22549
18214
23274
16757
21994
20108
20668
26186
19838
19429
31645
22150
20094
20391
21132
34774
23862
22165
19903
15258
19049
23254
20262
29221
27081
22553
26368
20701
18328
18138
18733
17388
19269
17314
19229
23464
22271
18926
35135
19136
17964
18362
29258
20042
21845
18220
35431
28606
19379
28679
21265
18024
20285
19182
17880
23072
20868
21653
18263
29459
19349
21664
23558
19230
25587
17282
20919
18193
24596
21003
18635
19925
30762
29879
25552
23625
25426
19097
32348
18764
24037
19012
20892
20072
19136
24715
17156
24921
19556
22476
18876
21540
17673
20932
23792
25166
22204
24671
22490
20335
20035
20510
20788
18235
17794
26530
19781
23175
19807
22088
23393
25074
29256
19407
18473
16536
18681
18005
23927
17878
26853
24288
19067
16140
19836
34325
21180
24448
21980
18571
20373
17662
17828
20938
21357
20159
19035
17081
21401
18489
21721
24234
19979
20264
23453
16627
18234
20518
18433
23175
17845
23758
28810
23366
22246
19859
24646
32101
17316
23112
33563
23449
23405
18790
16146
21312
21381
24832
24053
19831
20810
22695
26382
27615
25009
21288
18404
28644
19890
18714
24609
20678
17812
27454
18329
19198
20093
22196
20634
19668
15941
20616
22501
17411
20905
23692
22325
23902
16377
20727
20709
22885
20398
26136
22578
21680
21527
18077
19431
19521
23444
24033
24674
17636
22796
21606
23529
21541
19947
19653
18347
20703
25381
23331
32221
25113
19168
16503
21273
19649
21521
22196
