20293
19526
28185
17967
18606
21530
23685
16793
17261
24347
24832
23424
22951
21400
29957
23198
23278
18063
20060
18484
24405
24093
25530
17288
21761
15044
21104
23972
19183
19999
18827
23962
19931
18387
17420
28571
21564
17001
18328
19991
19801
24369
19773
24302
20607
21191
17676
18532
16265
19942
20567
21596
20485
19536
21153
21687
20777
22405
20770
17670
20432
22408
22900
17092
19397
18323
16022
17664
18182
19772
16692
17398
19826
16169
22320
18837
22233
19883
20502
20661
19088
23018
22869
17058
30323
20078
16986
19214
21591
22174
18996
19154
26905
17263
17857
21057
20716
24519
16509
16763
20494
19608
16688
20884
20083
20732
16573
21794
23711
16253
25497
18081
19078
22249
26977
25719
19150
18228
19383
20050
19231
29073
17709
18245
26051
22093
20720
24312
18557
20037
21436
17477
18484
18582
26564
17150
19060
17038
26666
25402
18690
17183
23740
18696
21597
18755
19426
20968
21435
17567
15987
16711
26486
24021
18986
20584
17691
20612
20481
15240
25112
20526
25526
17769
22749
22210
26271
18665
23276
17249
23186
19252
21194
24745
26226
16945
18027
21884
35214
22269
19209
17129
18925
20718
32115
17518
27018
19599
19943
20453
25357
22773
20897
22647
19530
21746
20839
20808
18755
21291
21149
21592
19371
21496
20012
22049
15533
19578
17690
25034
24597
19999
24251
22217
25437
18741
24549
19597
19352
20345
21079
18891
18340
24382
28713
23466
17831
36761
17799
18163
19281
20244
28869
21292
17255
22999
15885
21148
24165
18333
26765
15239
22016
25475
19492
23912
19761
20290
19555
17980
19498
21359
26691
18394
20374
19684
24501
24240
20661
19471
22765
19699
19073
30143
20443
22786
16654
24909
19930
17959
20683
23762
18608
15801
17508
22438
21158
18920
21952
18478
19501
24341
23165
17028
15504
23173
18978
20185
18616
22025
19573
28314
20805
22367
20867
24346
23272
20734
17863
17799
22858
18743
19709
16715
16788
28222
23144
18683
18313
17723
16786
20980
19295
20281
20668
23291
21132
16683
25869
15581
17492
20609
20064
24170
21733
23731
21968
21883
19410
20038
18939
22590
22939
19962
17875
22269
26613
17261
20664
18430
16764
18179
17829
19126
20641
24310
20013
19183
25116
18028
18387
20127
17139
20737
20344
25987
15962
23857
22164
20225
20504
19884
22341
21974
15854
20826
18757
21272
18277
17333
17265
19386
20989
22254
27974
21503
16938
19676
18787
19362
22166
23344
22824
21143
23206
19363
17361
23096
19216
17076
22906
16972
17195
18938
18713
17354
17034
23525
21103
21523
18655
23994
21441
17768
18696
18671
20482
21060
18961
17736
22909
19490
44726
19385
16956
17687
23797
25316
19918
22407
21422
27398
15573
15955
25513
23022
20828
20569
18387
23437
19498
26930
20589
19025
17352
23279
20532
19997
18859
19272
24725
21538
19188
26792
20005
23594
23596
22757
28759
19180
17596
19276
20083
19709
17884
18874
22014
23360
19228
22441
24357
22709
17507
19423
16968
25776
21950
15050
21477
20055
20247
20704
22002
25220
19605
18015
19873
19072
18561
23432
27952
19816
21471
19713
21357
19249
25184
18583
21421
20647
23192
18473
18264
21111
23719
20990
19516
21161
21154
20843
