16839
25234
17052
22094
20429
20824
15286
20602
24088
18432
23888
14923
17687
20397
18873
16364
21207
18797
18723
18971
20480
17506
24394
22177
20002
22034
20144
19032
17677
20071
21746
21363
18543
17853
23464
23587
25794
21997
25173
20115
21654
30109
20993
19333
19124
18170
19119
18116
20766
21732
21730
23102
16911
18557
25503
20598
28162
23650
18104
18329
17311
27149
17202
17254
23609
18215
20807
20180
19938
23304
22684
19097
18802
23428
17498
18653
20220
22538
17223
18838
20051
20820
22158
23739
17302
20310
18747
17228
19294
21351
23832
24103
18162
21183
18864
18799
16193
23392
25039
19591
18949
29190
24696
27341
22808
22449
17707
17589
19737
21956
17735
21842
20194
18671
28549
23550
20489
23298
25896
19676
24000
19241
22916
22458
19480
23217
19781
18223
17547
17005
19729
21843
23377
19948
32544
22029
18217
20976
17480
20608
23271
19225
20776
22140
21357
23258
21088
19296
19065
19244
28508
22768
16226
18132
19174
19422
19515
20000
18635
19088
27449
25377
20143
31351
24980
21387
19724
18888
19676
19137
17752
17962
19492
22307
20804
19963
26105
22461
21467
18985
18584
19615
22232
22967
15814
18689
18009
18928
18344
17990
21320
19572
21801
20201
21209
20633
16263
21656
22589
19144
18805
27806
20081
15084
22389
18304
20480
17189
21677
17436
16542
19120
21091
19610
16431
21304
18340
18109
16139
17376
19760
30760
27140
22033
20543
18978
19578
19671
31756
22282
24257
18292
18619
16458
22434
19896
20107
22643
20602
18959
20841
21388
18535
19390
19302
17297
21384
31573
21262
20412
23290
19894
21653
21246
21153
23160
17715
21068
22024
17004
22144
20124
16482
18428
25115
18282
20908
21383
17269
20164
22253
19919
22271
23270
27135
17688
19698
22834
17944
19161
20831
19564
20095
16900
19979
22322
17739
25665
18402
23980
20404
19319
20773
25815
20803
16412
16255
18779
33073
16778
24597
19466
17997
19226
19340
18611
21376
28476
21249
19262
17918
17471
15224
21502
22105
22584
20211
16941
18940
21425
16765
18275
23984
20193
20957
17530
27730
26248
18935
24302
24433
22703
21288
26893
19549
18184
21098
26498
18258
18152
18410
25292
19305
16930
19297
19189
25626
19290
22367
21309
18564
19256
27479
17574
22796
20371
16835
17968
23964
20884
20887
16730
21590
20978
21043
16746
23817
17940
16978
21673
24967
16769
16988
16767
19077
16216
20626
20721
17314
19458
19579
20433
18087
21865
21358
22370
20985
17629
21229
18467
19719
17457
18450
18270
23107
29831
20544
23171
22374
20076
17768
16549
16076
23578
27896
25290
20445
16106
21600
18131
20701
20362
30048
17451
20489
28338
18242
19701
21429
21661
19241
17868
22140
17576
21541
22486
16479
24846
19354
41515
18743
18400
24433
19267
21848
21895
20234
19655
16171
19003
19916
17202
25688
19130
19127
18406
18294
21332
22552
19749
20989
20369
20611
23055
19437
19169
17116
15543
20173
20531
20384
19933
16632
17932
17784
19474
22762
19952
27328
19980
29409
18711
16443
17529
22220
18295
21593
23417
19939
23025
19617
19869
17246
18082
21711
28801
18908
17547
19650
21909
21439
16122
19561
21370
18853
15179
18410
22849
26853
21042
