20447
23576
27801
18655
26054
31980
22034
24089
18565
14917
20759
27052
23618
18906
23074
17369
20294
25465
21108
20055
21210
22704
21149
23281
22934
21159
24160
20529
21711
21061
24023
16344
19643
22720
23519
21668
20766
19740
17196
23661
18225
21661
19270
18530
16107
28785
25626
25852
20357
23692
24514
20997
15809
19082
23190
20384
24249
18057
20084
16928
21025
17618
19038
17481
20154
16587
19430
15397
20573
19834
15794
24514
29911
21776
19726
25716
18231
29027
18958
25420
20076
18046
22497
24980
21794
18893
17406
23382
15957
19557
16235
29184
22581
18773
17455
17232
21590
17209
22014
20674
24903
18024
20465
19484
16656
27067
27801
17726
21861
20135
18105
23839
25058
26377
21279
17715
21054
16870
22412
20293
24963
20967
23886
21730
21238
20733
18615
17935
21426
18403
23047
17807
20924
19233
20687
18803
20443
18647
18897
19625
17216
28305
23495
22000
22347
16900
21564
25161
19531
24216
21066
19330
18150
24665
20539
19550
21711
21064
21958
18989
18934
22888
29540
17925
19458
21855
19845
22355
23956
24421
23277
18186
24730
19820
22242
19411
19225
24558
22500
20102
15976
20115
21400
18397
24628
19315
29819
18907
21908
27321
18367
21313
20483
21359
25350
22532
27799
20261
22258
16902
19482
20553
19562
24740
17819
24386
18328
19451
22657
24535
19673
18607
19421
17448
18868
18891
18934
23433
19864
23498
20369
18733
19878
26020
20469
17536
18588
20160
19355
19599
34940
18190
17427
20002
29705
19516
16732
19097
28339
19554
29904
20485
18570
23756
19867
23220
25700
24263
20708
20840
19854
21137
21761
23987
18532
21761
23438
23820
17740
27498
18003
23169
15895
22442
28780
23941
27262
23097
31524
18367
18571
20003
19447
21832
17639
18702
16018
15386
22034
21344
21603
17359
19716
18089
24253
19711
20360
22931
25982
20879
25295
20228
22756
20296
21345
22842
20042
26490
25089
19841
17251
18565
20751
21259
23461
20033
18107
22100
17050
19699
24452
16204
21224
20519
24020
18819
19664
20183
24297
16180
16550
29994
20926
18939
20118
18662
30348
21654
24804
17610
17994
23261
24435
23673
19282
18073
18948
23537
22678
18683
28188
20156
30336
20566
21635
20770
17422
19050
20503
17925
20899
24429
23184
19245
17840
20958
19766
24416
19683
23232
21048
20782
27451
16707
17326
24662
17487
19650
23402
19810
18328
21418
17020
17719
23019
19810
19337
21056
18678
22428
19595
26308
18227
24813
22972
19341
18587
19874
18371
23320
20218
20121
21308
26236
26511
20215
19553
15006
16146
24848
25875
17077
17013
21051
21115
17831
19492
24216
21844
16993
22543
24551
23076
20769
20521
21688
19232
17811
16076
20856
23179
23038
17415
20051
18297
20589
22749
23553
18895
23937
17591
19292
23033
23244
23460
26444
26322
16962
20418
16830
16015
20411
21836
18222
19693
19037
18092
23425
26927
19715
19861
22977
19701
19371
19434
19617
19093
18939
16464
22896
23570
21614
32072
22571
19596
22699
22672
26608
23972
18431
28714
19705
16187
22204
17694
25351
21609
16927
18286
18196
20335
23503
20398
20847
16748
27365
20684
22600
19504
24246
20842
17420
18198
22071
17302
20106
22086
20217
20308
27012
