10 40 0      40 20 0      
9 40 0      40 21 0      
8 40 0      40 22 0      
7 40 0      40 23 0      
6 40 0      40 24 0      
5 40 0      40 25 0      
4 40 0      40 26 0      
3 40 0      40 27 0      
2 40 0      40 28 0      
1 40 0      40 29 0      
50 40 0      40 30 0      
49 40 0      39 30 0      
48 40 0      38 30 0      
47 40 0      38 31 0      
46 40 0      38 32 0      
45 40 0      38 33 0      
44 40 0      38 34 0      
43 40 0      38 35 0      
42 40 0      38 36 0      
41 40 0      38 37 0      
40 40 0      38 38 0      
39 40 0      38 39 0      
38 40 0      38 40 0      
37 40 0      38 41 0      
36 40 0      38 42 0      
35 40 0      38 43 0      
34 40 0      37 43 0      
33 40 0      36 43 0      
32 40 0      35 43 0      
31 40 0      34 43 0      
30 40 0      33 43 0      
29 40 0      32 43 0      
28 40 0       32 43 1      
28 40 0      31 43 0      
27 40 0      30 43 0      
26 40 0      29 43 0      
25 40 0      28 43 0      
24 40 0      27 43 0      
23 40 0      26 43 0      
22 40 0       26 43 1      
22 40 0      25 43 0      
21 40 0      25 42 0      
20 40 0      25 41 0      
19 40 0      25 40 0      
18 40 0      25 39 0      
17 40 0      25 38 0      
16 40 0      25 37 0      
15 40 0      25 36 0      
14 40 0      25 35 0      
13 40 0      24 35 0      
12 40 0      23 35 0      
11 40 0      22 35 0      
10 40 0      21 35 0      
9 40 0      20 35 0      
8 40 0      19 35 0      
7 40 0      18 35 0      
6 40 0      17 35 0      
5 40 0      16 35 0      
4 40 0      15 35 0      
3 40 0      14 35 0      
2 40 0      13 35 0      
1 40 0      12 35 0      
50 40 0      12 36 0      
49 40 0      13 36 0      
48 40 0      14 36 0      
47 40 0      15 36 0      
46 40 0      16 36 0      
45 40 0      17 36 0      
44 40 0      17 35 0      
43 40 0      17 34 0      
42 40 0      17 33 0      
41 40 0      17 32 0      
40 40 0      17 31 0      
39 40 0      17 30 0      
38 40 0      17 29 0      
37 40 0      17 28 0      
36 40 0      17 27 0      
35 40 0      17 26 0      
34 40 0      17 25 0      
33 40 0      17 24 0      
32 40 0      17 23 0      
31 40 0      16 23 0      
30 40 0       16 23 1      
30 40 0      15 23 0      
29 40 0      14 23 0      
28 40 0      14 22 0      
27 40 0      14 21 0      
26 40 0      14 20 0      
25 40 0      14 19 0      
24 40 0      14 18 0      
23 40 0      14 17 0      
22 40 0      14 16 0      
21 40 0      14 15 0      
20 40 0      14 14 0      
19 40 0      15 14 0      
18 40 0      16 14 0      
17 40 0      17 14 0      
16 40 0       17 14 1      
16 40 0      18 14 0      
15 40 0      19 14 0      
14 40 0      20 14 0      
13 40 0      21 14 0      
12 40 0      22 14 0      
11 40 0      23 14 0      
10 40 0      24 14 0      
9 40 0      25 14 0      
8 40 0       25 14 1      
8 40 0      26 14 0      
7 40 0      27 14 0      
6 40 0      27 15 0      
5 40 0      27 16 0      
4 40 0      27 17 0      
3 40 0      28 17 0      
2 40 0       28 17 1      
2 40 0      29 17 0      
1 40 0      30 17 0      
50 40 0      31 17 0      
49 40 0      32 17 0      
48 40 0      33 17 0      
47 40 0      34 17 0      
46 40 0      35 17 0      
45 40 0       35 17 1      
45 40 0      36 17 0      
44 40 0      37 17 0      
43 40 0      38 17 0      
42 40 0      39 17 0      
41 40 0      40 17 0      
40 40 0      41 17 0      
39 40 0      42 17 0      
38 40 0      43 17 0      
37 40 0      44 17 0      
36 40 0      45 17 0      
35 40 0      45 18 0      
34 40 0       45 18 1      
34 40 0      45 19 0      
33 40 0      45 20 0      
32 40 0      45 21 0      
31 40 0      45 22 0      
30 40 0      45 23 0      
29 40 0      45 24 0      
28 40 0      45 25 0      
27 40 0      45 26 0      
26 40 0      45 27 0      
25 40 0      45 28 0      
24 40 0      45 29 0      
23 40 0      45 30 0      
22 40 0      45 31 0      
21 40 0      45 32 0      
20 40 0      45 33 0      
19 40 0      45 34 0      
18 40 0      45 35 0      
17 40 0      45 36 0      
16 40 0      45 37 0      
15 40 0      45 38 0      
14 40 0      45 39 0      
13 40 0      45 40 0      
12 40 0      45 41 0      
11 40 0      45 42 0      
10 40 0      45 43 0      
9 40 0      45 44 0      
8 40 0      45 45 0      
7 40 0      45 46 0      
6 40 0      46 46 0      
5 40 0      47 46 0      
4 40 0      47 47 0      
3 40 0      47 48 0      
2 40 0      47 49 0      
1 40 0      47 50 0      
50 40 0      47 51 0      
49 40 0      47 52 0      
48 40 0      47 3 0      
47 40 0      47 4 0      
46 40 0      47 5 0      
45 40 0      47 6 0      
44 40 0      47 7 0      
43 40 0      47 8 0      
42 40 0      48 8 0      
41 40 0      48 9 0      
40 40 0      48 10 0      
39 40 0      48 11 0      
38 40 0      48 12 0      
37 40 0      48 13 0      
36 40 0      48 14 0      
35 40 0      48 15 0      
34 40 0       48 15 1      
34 40 0      48 16 0      
33 40 0      48 17 0      
32 40 0      48 18 0      
31 40 0      48 19 0      
30 40 0      48 20 0      
29 40 0      48 21 0      
28 40 0      48 22 0      
27 40 0      48 23 0      
26 40 0      48 24 0      
25 40 0      48 25 0      
24 40 0      48 26 0      
23 40 0      47 26 0      
22 40 0       47 26 1      
22 40 0      46 26 0      
21 40 0      45 26 0      
20 40 0      44 26 0      
19 40 0      43 26 0      
18 40 0      42 26 0      
17 40 0       42 26 1      
17 40 0      41 26 0      
16 40 0      40 26 0      
15 40 0      39 26 0      
14 40 0      39 25 0      
13 40 0      39 24 0      
12 40 0      39 23 0      
11 40 0      39 22 0      
10 40 0      39 21 0      
9 40 0      39 20 0      
8 40 0      39 19 0      
7 40 0      39 18 0      
6 40 0      39 17 0      
5 40 0      39 16 0      
4 40 0      39 15 0      
3 40 0      39 14 0      
2 40 0      39 13 0      
1 40 0      39 12 0      
50 40 0      39 11 0      
49 40 0      39 10 0      
48 40 0      39 9 0      
47 40 0      39 8 0      
46 40 0      39 7 0      
45 40 0      39 6 0      
44 40 0      39 5 0      
43 40 0      39 4 0      
42 40 0      40 4 0      
41 40 0      40 5 0      
40 40 0      40 6 0      
39 40 0      41 6 0      
38 40 0      42 6 0      
37 40 0      43 6 0      
36 40 0      44 6 0      
35 40 0      45 6 0      
34 40 0      46 6 0      
33 40 0      47 6 0      
32 40 0      48 6 0      
31 40 0      49 6 0      
30 40 0      0 6 0      
29 40 0      1 6 0      
28 40 0      1 5 0      
27 40 0       1 5 1      
27 40 0      1 4 0      
26 40 0      1 3 0      
25 40 0      1 52 0      
24 40 0      1 51 0      
23 40 0      1 50 0      
22 40 0      2 50 0      
21 40 0      3 50 0      
20 40 0      4 50 0      
19 40 0      4 51 0      
18 40 0      4 52 0      
17 40 0      4 3 0      
16 40 0      4 4 0      
15 40 0      4 5 0      
14 40 0      4 6 0      
13 40 0      4 7 0      
12 40 0      4 8 0      
11 40 0      4 9 0      
10 40 0      4 10 0      
9 40 0      4 11 0      
8 40 0      4 12 0      
7 40 0      4 13 0      
6 40 0      4 14 0      
5 40 0      4 15 0      
4 40 0      4 16 0      
3 40 0      4 17 0      
2 40 0      4 18 0      
1 40 0      4 19 0      
50 40 0      4 20 0      
49 40 0      4 21 0      
48 40 0      4 22 0      
47 40 0      4 23 0      
46 40 0      4 24 0      
45 40 0      3 24 0      
44 40 0      2 24 0      
43 40 0      1 24 0      
42 40 0      0 24 0      
41 40 0      49 24 0      
40 40 0      48 24 0      
39 40 0      47 24 0      
38 40 0       47 24 1      
38 40 0      46 24 0      
37 40 0      45 24 0      
36 40 0      44 24 0      
35 40 0      43 24 0      
34 40 0      42 24 0      
33 40 0      41 24 0      
32 40 0      40 24 0      
31 40 0      39 24 0      
30 40 0      38 24 0      
29 40 0       38 24 1      
29 40 0      37 24 0      
28 40 0      36 24 0      
27 40 0      35 24 0      
26 40 0      34 24 0      
25 40 0      33 24 0      
24 40 0      32 24 0      
23 40 0      31 24 0      
22 40 0      31 25 0      
21 40 0      31 26 0      
20 40 0      31 27 0      
19 40 0      31 28 0      
18 40 0      31 29 0      
17 40 0      31 30 0      
16 40 0      31 31 0      
15 40 0       31 31 1      
15 40 0      31 32 0      
14 40 0      32 32 0      
13 40 0      33 32 0      
12 40 0      34 32 0      
11 40 0      35 32 0      
10 40 0      36 32 0      
9 40 0      37 32 0      
8 40 0      38 32 0      
7 40 0      38 33 0      
6 40 0      38 34 0      
5 40 0      38 35 0      
4 40 0      38 36 0      
3 40 0      37 36 0      
2 40 0      36 36 0      
1 40 0      35 36 0      
50 40 0      35 37 0      
49 40 0      35 38 0      
48 40 0      35 39 0      
47 40 0      35 40 0      
46 40 0      35 41 0      
45 40 0      35 42 0      
44 40 0      35 43 0      
43 40 0      35 44 0      
42 40 0      35 45 0      
41 40 0      35 46 0      
40 40 0      35 47 0      
39 40 0      35 48 0      
38 40 0      36 48 0      
37 40 0      37 48 0      
36 40 0       37 48 1      
36 40 0      38 48 0      
35 40 0      39 48 0      
34 40 0      39 49 0      
33 40 0      39 50 0      
32 40 0      39 51 0      
31 40 0      39 52 0      
30 40 0      40 2 0      
29 40 0      41 2 0      
28 40 0      42 2 0      
27 40 0      43 2 0      
26 40 0      44 2 0      
25 40 0      45 2 0      
24 40 0      46 2 0      
23 40 0      47 2 0      
22 40 0      48 2 0      
21 40 0      49 2 0      
20 40 0      0 2 0      
19 40 0      1 2 0      
18 40 0      1 3 0      
17 40 0      1 4 0      
16 40 0      1 5 0      
15 40 0      1 6 0      
14 40 0      1 7 0      
13 40 0      2 7 0      
12 40 0      3 7 0      
11 40 0      3 8 0      
10 40 0      3 9 0      
9 40 0      3 10 0      
8 40 0      3 11 0      
7 40 0      3 12 0      
6 40 0      3 13 0      
5 40 0      3 14 0      
4 40 0      3 15 0      
3 40 0      3 16 0      
2 40 0      3 17 0      
1 40 0      3 18 0      
50 40 0      3 19 0      
49 40 0      3 20 0      
48 40 0      3 21 0      
47 40 0      3 22 0      
46 40 0      3 23 0      
45 40 0      2 23 0      
44 40 0      1 23 0      
43 40 0      0 23 0      
42 40 0      49 23 0      
41 40 0      48 23 0      
40 40 0      47 23 0      
39 40 0       47 23 1      
39 40 0      46 23 0      
38 40 0      45 23 0      
37 40 0      45 24 0      
36 40 0      44 24 0      
35 40 0      43 24 0      
34 40 0      42 24 0      
33 40 0      41 24 0      
32 40 0      40 24 0      
31 40 0      39 24 0      
30 40 0      38 24 0      
29 40 0      37 24 0      
28 40 0      36 24 0      
27 40 0      35 24 0      
26 40 0      34 24 0      
25 40 0      33 24 0      
24 40 0      32 24 0      
23 40 0      31 24 0      
22 40 0      30 24 0      
21 40 0      29 24 0      
20 40 0      28 24 0      
19 40 0      27 24 0      
18 40 0      26 24 0      
17 40 0      25 24 0      
16 40 0      24 24 0      
15 40 0       24 24 1      
15 40 0      23 24 0      
14 40 0      22 24 0      
13 40 0      21 24 0      
12 40 0      20 24 0      
11 40 0      19 24 0      
10 40 0      18 24 0      
9 40 0      18 25 0      
8 40 0      18 26 0      
7 40 0       18 26 1      
7 40 0      18 27 0      
6 40 0      18 28 0      
5 40 0       18 28 1      
5 40 0      17 28 0      
4 40 0      16 28 0      
3 40 0      15 28 0      
2 40 0      14 28 0      
1 40 0      13 28 0      
50 40 0      12 28 0      
49 40 0      11 28 0      
48 40 0      10 28 0      
47 40 0      9 28 0      
46 40 0      8 28 0      
45 40 0      7 28 0      
44 40 0      6 28 0      
43 40 0      5 28 0      
42 40 0      4 28 0      
41 40 0      4 29 0      
40 40 0      4 30 0      
39 40 0      4 31 0      
38 40 0      4 32 0      
37 40 0      5 32 0      
36 40 0      6 32 0      
35 40 0      7 32 0      
34 40 0      8 32 0      
33 40 0      9 32 0      
32 40 0      10 32 0      
31 40 0      11 32 0      
30 40 0      12 32 0      
29 40 0      13 32 0      
28 40 0      14 32 0      
27 40 0      15 32 0      
26 40 0      16 32 0      
25 40 0      17 32 0      
24 40 0      18 32 0      
23 40 0      19 32 0      
22 40 0      20 32 0      
21 40 0      21 32 0      
20 40 0      22 32 0      
19 40 0      23 32 0      
18 40 0      24 32 0      
17 40 0      25 32 0      
16 40 0      26 32 0      
15 40 0      27 32 0      
14 40 0       27 32 1      
14 40 0      28 32 0      
13 40 0      29 32 0      
12 40 0      30 32 0      
11 40 0      31 32 0      
10 40 0      32 32 0      
9 40 0      33 32 0      
8 40 0      34 32 0      
7 40 0      35 32 0      
6 40 0      36 32 0      
5 40 0      37 32 0      
4 40 0      38 32 0      
3 40 0      39 32 0      
2 40 0      40 32 0      
1 40 0      41 32 0      
50 40 0      42 32 0      
49 40 0      43 32 0      
48 40 0      43 31 0      
47 40 0      43 30 0      
46 40 0      43 29 0      
45 40 0      43 28 0      
44 40 0      43 27 0      
43 40 0      43 26 0      
42 40 0      42 26 0      
41 40 0      42 27 0      
40 40 0      42 28 0      
39 40 0      42 29 0      
38 40 0      42 30 0      
37 40 0      42 31 0      
36 40 0      42 32 0      
35 40 0      42 33 0      
34 40 0      42 34 0      
33 40 0      42 35 0      
32 40 0      43 35 0      
31 40 0      44 35 0      
30 40 0      45 35 0      
29 40 0      45 36 0      
28 40 0      45 37 0      
27 40 0      45 38 0      
26 40 0      45 39 0      
25 40 0      45 40 0      
24 40 0      45 41 0      
23 40 0      46 41 0      
22 40 0      47 41 0      
21 40 0      47 40 0      
20 40 0      48 40 0      
19 40 0      48 39 0      
18 40 0      48 38 0      
17 40 0      47 38 0      
16 40 0      46 38 0      
15 40 0      45 38 0      
14 40 0      44 38 0      
13 40 0      43 38 0      
12 40 0      42 38 0      
11 40 0      41 38 0      
10 40 0      41 39 0      
9 40 0      41 40 0      
8 40 0      41 41 0      
7 40 0      42 41 0      
6 40 0      43 41 0      
5 40 0      44 41 0      
4 40 0       44 41 1      
4 40 0      44 42 0      
3 40 0      44 43 0      
2 40 0      44 44 0      
1 40 0      44 45 0      
50 40 0      44 46 0      
49 40 0      44 47 0      
48 40 0      45 47 0      
47 40 0      45 48 0      
46 40 0      45 49 0      
45 40 0      45 50 0      
44 40 0      45 51 0      
43 40 0      45 52 0      
42 40 0      45 3 0      
41 40 0      45 4 0      
40 40 0      45 5 0      
39 40 0      45 6 0      
38 40 0      45 7 0      
37 40 0      45 8 0      
36 40 0      45 9 0      
35 40 0      45 10 0      
34 40 0      45 11 0      
33 40 0      45 12 0      
32 40 0      45 13 0      
31 40 0      44 13 0      
30 40 0      43 13 0      
29 40 0      42 13 0      
28 40 0      41 13 0      
27 40 0      40 13 0      
26 40 0      39 13 0      
25 40 0      38 13 0      
24 40 0      37 13 0      
23 40 0      37 14 0      
22 40 0      37 15 0      
21 40 0      37 16 0      
20 40 0      37 17 0      
19 40 0      37 18 0      
18 40 0      37 19 0      
17 40 0      36 19 0      
16 40 0      35 19 0      
15 40 0      34 19 0      
14 40 0      33 19 0      
13 40 0       33 19 1      
13 40 0      32 19 0      
12 40 0      31 19 0      
11 40 0      30 19 0      
10 40 0      30 20 0      
9 40 0      30 21 0      
8 40 0      30 22 0      
7 40 0      30 23 0      
6 40 0      30 24 0      
5 40 0      30 25 0      
4 40 0       30 25 1      
4 40 0      30 26 0      
3 40 0      30 27 0      
2 40 0      30 28 0      
1 40 0      30 29 0      
50 40 0      30 30 0      
49 40 0      30 31 0      
48 40 0      29 31 0      
47 40 0      28 31 0      
46 40 0      27 31 0      
45 40 0      27 32 0      
44 40 0      27 33 0      
43 40 0      27 34 0      
42 40 0      27 35 0      
41 40 0      27 36 0      
40 40 0      27 37 0      
39 40 0      26 37 0      
38 40 0      26 38 0      
37 40 0      26 39 0      
36 40 0      26 40 0      
35 40 0      26 41 0      
34 40 0      26 42 0      
33 40 0      26 43 0      
32 40 0      26 44 0      
31 40 0      27 44 0      
30 40 0      27 45 0      
29 40 0      27 46 0      
28 40 0      27 47 0      
27 40 0      28 47 0      
26 40 0      29 47 0      
25 40 0      30 47 0      
24 40 0      31 47 0      
23 40 0      32 47 0      
22 40 0      33 47 0      
21 40 0      34 47 0      
20 40 0      35 47 0      
19 40 0      36 47 0      
18 40 0      36 46 0      
17 40 0      36 45 0      
16 40 0      37 45 0      
15 40 0      38 45 0      
14 40 0      39 45 0      
13 40 0      40 45 0      
12 40 0      41 45 0      
11 40 0      41 44 0      
10 40 0       41 44 1      
10 40 0      41 43 0      
9 40 0      41 42 0      
8 40 0      41 41 0      
7 40 0      41 40 0      
6 40 0      40 40 0      
5 40 0      39 40 0      
4 40 0      38 40 0      
3 40 0      37 40 0      
2 40 0      36 40 0      
1 40 0      36 39 0      
50 40 0      36 38 0      
49 40 0       36 38 1      
49 40 0      36 37 0      
48 40 0      36 36 0      
47 40 0      36 35 0      
46 40 0      36 34 0      
45 40 0      36 33 0      
44 40 0      37 33 0      
43 40 0      38 33 0      
42 40 0      39 33 0      
41 40 0      40 33 0      
40 40 0      41 33 0      
39 40 0      42 33 0      
38 40 0      43 33 0      
37 40 0      44 33 0      
36 40 0      45 33 0      
35 40 0      46 33 0      
34 40 0      46 34 0      
33 40 0      45 34 0      
32 40 0      44 34 0      
31 40 0      43 34 0      
30 40 0      42 34 0      
29 40 0      41 34 0      
28 40 0       41 34 1      
28 40 0      40 34 0      
27 40 0       40 34 1      
27 40 0      39 34 0      
26 40 0      38 34 0      
25 40 0      37 34 0      
24 40 0      36 34 0      
23 40 0      35 34 0      
22 40 0      34 34 0      
21 40 0      33 34 0      
20 40 0      32 34 0      
19 40 0      31 34 0      
18 40 0      30 34 0      
17 40 0      29 34 0      
16 40 0      28 34 0      
15 40 0      28 35 0      
14 40 0      28 36 0      
13 40 0      28 37 0      
12 40 0      28 38 0      
11 40 0      28 39 0      
10 40 0      28 40 0      
9 40 0      28 41 0      
8 40 0      28 42 0      
7 40 0      28 43 0      
6 40 0      28 44 0      
5 40 0      28 45 0      
4 40 0      27 45 0      
3 40 0      27 44 0      
2 40 0      27 43 0      
1 40 0      27 42 0      
50 40 0      27 41 0      
49 40 0      28 41 0      
48 40 0      29 41 0      
47 40 0      30 41 0      
46 40 0      31 41 0      
45 40 0      32 41 0      
44 40 0      33 41 0      
43 40 0      34 41 0      
42 40 0      35 41 0      
41 40 0      35 40 0      
40 40 0      35 39 0      
39 40 0      35 38 0      
38 40 0      35 37 0      
37 40 0      36 37 0      
36 40 0      37 37 0      
35 40 0      38 37 0      
34 40 0      39 37 0      
33 40 0      40 37 0      
32 40 0      41 37 0      
31 40 0      42 37 0      
30 40 0      43 37 0      
29 40 0      44 37 0      
28 40 0      45 37 0      
27 40 0      46 37 0      
26 40 0      47 37 0      
25 40 0      48 37 0      
24 40 0      49 37 0      
23 40 0      0 37 0      
22 40 0      1 37 0      
21 40 0      1 38 0      
20 40 0      1 39 0      
19 40 0      1 40 0      
18 40 0      1 41 0      
17 40 0      1 42 0      
16 40 0      1 43 0      
15 40 0      1 44 0      
14 40 0      1 45 0      
13 40 0      1 46 0      
12 40 0      2 46 0      
11 40 0       2 46 1      
11 40 0      2 45 0      
10 40 0      2 44 0      
9 40 0      2 43 0      
8 40 0      2 42 0      
7 40 0      2 41 0      
6 40 0      2 40 0      
5 40 0      3 40 0      
4 40 0      4 40 0      
3 40 0      4 41 0      
2 40 0      4 42 0      
1 40 0      4 43 0      
50 40 0      4 44 0      
49 40 0      4 45 0      
48 40 0      4 46 0      
47 40 0      4 47 0      
46 40 0      4 48 0      
45 40 0      4 49 0      
44 40 0      4 50 0      
43 40 0      4 51 0      
42 40 0      4 52 0      
41 40 0      4 3 0      
40 40 0      4 4 0      
39 40 0      4 5 0      
38 40 0      5 5 0      
37 40 0      6 5 0      
36 40 0      7 5 0      
35 40 0      8 5 0      
34 40 0      9 5 0      
33 40 0      10 5 0      
32 40 0      11 5 0      
31 40 0      12 5 0      
30 40 0      13 5 0      
29 40 0      14 5 0      
28 40 0      15 5 0      
27 40 0      16 5 0      
26 40 0      17 5 0      
25 40 0      18 5 0      
24 40 0      19 5 0      
23 40 0      20 5 0      
22 40 0      21 5 0      
21 40 0      22 5 0      
20 40 0      23 5 0      
19 40 0      24 5 0      
18 40 0      25 5 0      
17 40 0      26 5 0      
16 40 0      27 5 0      
15 40 0      28 5 0      
14 40 0       28 5 1      
14 40 0      29 5 0      
13 40 0      30 5 0      
12 40 0      31 5 0      
11 40 0      32 5 0      
10 40 0      33 5 0      
9 40 0      34 5 0      
8 40 0      35 5 0      
7 40 0      35 4 0      
6 40 0      35 3 0      
5 40 0      35 52 0      
4 40 0      35 51 0      
3 40 0      35 50 0      
2 40 0      35 49 0      
1 40 0      35 48 0      
50 40 0      35 47 0      
49 40 0      35 46 0      
48 40 0      35 45 0      
47 40 0      35 44 0      
46 40 0      35 43 0      
45 40 0      35 42 0      
44 40 0      35 41 0      
43 40 0      35 40 0      
42 40 0      35 39 0      
41 40 0      35 38 0      
40 40 0      35 37 0      
39 40 0      36 37 0      
38 40 0      37 37 0      
37 40 0      38 37 0      
36 40 0      39 37 0      
35 40 0      40 37 0      
34 40 0      41 37 0      
33 40 0      42 37 0      
32 40 0      43 37 0      
31 40 0      44 37 0      
30 40 0      45 37 0      
29 40 0      46 37 0      
28 40 0      47 37 0      
27 40 0      48 37 0      
26 40 0      49 37 0      
25 40 0      0 37 0      
24 40 0      1 37 0      
23 40 0      2 37 0      
22 40 0      3 37 0      
21 40 0      4 37 0      
20 40 0      5 37 0      
19 40 0      6 37 0      
18 40 0      7 37 0      
17 40 0      8 37 0      
16 40 0      9 37 0      
15 40 0      10 37 0      
14 40 0      11 37 0      
13 40 0      12 37 0      
12 40 0      12 36 0      
11 40 0      12 35 0      
10 40 0      12 34 0      
9 40 0      12 33 0      
8 40 0      12 32 0      
7 40 0      12 31 0      
6 40 0      12 30 0      
5 40 0      12 29 0      
4 40 0      12 28 0      
3 40 0      12 27 0      
2 40 0       12 27 1      
2 40 0      12 26 0      
1 40 0      12 25 0      
50 40 0      13 25 0      
49 40 0      14 25 0      
48 40 0      15 25 0      
47 40 0      16 25 0      
46 40 0      17 25 0      
45 40 0      18 25 0      
44 40 0      19 25 0      
43 40 0      20 25 0      
42 40 0      21 25 0      
41 40 0      22 25 0      
40 40 0      23 25 0      
39 40 0      24 25 0      
38 40 0      25 25 0      
37 40 0      26 25 0      
36 40 0       26 25 1      
36 40 0      27 25 0      
35 40 0      28 25 0      
34 40 0      29 25 0      
33 40 0      30 25 0      
32 40 0      31 25 0      
31 40 0      32 25 0      
30 40 0      33 25 0      
29 40 0      34 25 0      
28 40 0      35 25 0      
27 40 0      36 25 0      
26 40 0      36 26 0      
25 40 0      36 27 0      
24 40 0      36 28 0      
23 40 0      36 29 0      
22 40 0      36 30 0      
21 40 0      36 31 0      
20 40 0      36 32 0      
19 40 0      36 33 0      
18 40 0      36 34 0      
17 40 0      36 35 0      
16 40 0      36 36 0      
15 40 0      36 37 0      
14 40 0      36 38 0      
13 40 0      36 39 0      
12 40 0      36 40 0      
11 40 0      36 41 0      
10 40 0      36 42 0      
9 40 0      36 43 0      
8 40 0      36 44 0      
7 40 0      36 45 0      
6 40 0      36 46 0      
5 40 0      36 47 0      
4 40 0      36 48 0      
3 40 0      36 49 0      
2 40 0      35 49 0      
1 40 0      34 49 0      
50 40 0      33 49 0      
49 40 0      32 49 0      
48 40 0      31 49 0      
47 40 0      30 49 0      
46 40 0      29 49 0      
45 40 0      28 49 0      
44 40 0       28 49 1      
44 40 0      27 49 0      
43 40 0      26 49 0      
42 40 0      25 49 0      
41 40 0      24 49 0      
40 40 0      23 49 0      
39 40 0      22 49 0      
38 40 0      21 49 0      
37 40 0      21 50 0      
36 40 0      21 51 0      
35 40 0      21 52 0      
34 40 0      21 3 0      
33 40 0      21 4 0      
32 40 0      20 4 0      
31 40 0      19 4 0      
30 40 0      18 4 0      
29 40 0      17 4 0      
28 40 0       17 4 1      
28 40 0      16 4 0      
27 40 0      15 4 0      
26 40 0      14 4 0      
25 40 0      13 4 0      
24 40 0      12 4 0      
23 40 0      12 5 0      
22 40 0      12 6 0      
21 40 0      12 7 0      
20 40 0      12 8 0      
19 40 0      11 8 0      
18 40 0      11 7 0      
17 40 0      11 6 0      
16 40 0      11 5 0      
15 40 0      11 4 0      
14 40 0      11 3 0      
13 40 0      10 53 0      
12 40 0      9 53 0      
11 40 0      9 54 0      
10 40 0      9 3 0      
9 40 0      9 4 0      
8 40 0       9 4 1      
8 40 0      9 5 0      
7 40 0      9 6 0      
6 40 0      9 7 0      
5 40 0      9 8 0      
4 40 0      9 9 0      
3 40 0      9 10 0      
2 40 0      9 11 0      
1 40 0      9 12 0      
50 40 0      9 13 0      
49 40 0      9 14 0      
48 40 0      9 15 0      
47 40 0      10 15 0      
46 40 0      11 15 0      
45 40 0      12 15 0      
44 40 0      13 15 0      
43 40 0      14 15 0      
42 40 0      15 15 0      
41 40 0      16 15 0      
40 40 0      16 16 0      
39 40 0      16 17 0      
38 40 0      16 18 0      
37 40 0       16 18 1      
37 40 0      16 19 0      
36 40 0      16 20 0      
35 40 0      16 21 0      
34 40 0      16 22 0      
33 40 0      16 23 0      
32 40 0      17 23 0      
31 40 0      18 23 0      
30 40 0      19 23 0      
29 40 0      20 23 0      
28 40 0      21 23 0      
27 40 0      22 23 0      
26 40 0      23 23 0      
25 40 0      24 23 0      
24 40 0      25 23 0      
23 40 0      26 23 0      
22 40 0      27 23 0      
21 40 0      28 23 0      
20 40 0      29 23 0      
19 40 0      30 23 0      
18 40 0      31 23 0      
17 40 0      32 23 0      
16 40 0      33 23 0      
15 40 0      34 23 0      
14 40 0      35 23 0      
13 40 0      36 23 0      
12 40 0      37 23 0      
11 40 0      38 23 0      
10 40 0      39 23 0      
9 40 0      40 23 0      
8 40 0      41 23 0      
7 40 0      42 23 0      
6 40 0      43 23 0      
5 40 0      43 24 0      
4 40 0      43 25 0      
3 40 0      43 26 0      
2 40 0      43 27 0      
1 40 0      43 28 0      
50 40 0      44 28 0      
49 40 0      45 28 0      
48 40 0      46 28 0      
47 40 0      47 28 0      
46 40 0      48 28 0      
45 40 0      49 28 0      
44 40 0      0 28 0      
43 40 0      1 28 0      
42 40 0      2 28 0      
41 40 0      2 27 0      
40 40 0      2 26 0      
39 40 0      2 25 0      
38 40 0      2 24 0      
37 40 0      2 23 0      
36 40 0      2 22 0      
35 40 0      2 21 0      
34 40 0      2 20 0      
33 40 0       2 20 1      
33 40 0      2 19 0      
32 40 0      2 18 0      
31 40 0      3 18 0      
30 40 0      4 18 0      
29 40 0      5 18 0      
28 40 0      6 18 0      
27 40 0      7 18 0      
26 40 0      8 18 0      
25 40 0      9 18 0      
24 40 0      10 18 0      
23 40 0      11 18 0      
22 40 0      12 18 0      
21 40 0      13 18 0      
20 40 0      14 18 0      
19 40 0      15 18 0      
18 40 0      16 18 0      
17 40 0      17 18 0      
16 40 0      18 18 0      
15 40 0      19 18 0      
14 40 0      20 18 0      
13 40 0      21 18 0      
12 40 0      22 18 0      
11 40 0      23 18 0      
10 40 0      24 18 0      
9 40 0      24 17 0      
8 40 0      24 16 0      
7 40 0      24 15 0      
6 40 0      24 14 0      
5 40 0      24 13 0      
4 40 0      24 12 0      
3 40 0      24 11 0      
2 40 0      24 10 0      
