10 40 0      40 20 0      
9 40 0       40 20 1      
9 40 0      40 21 0      
8 40 0      40 22 0      
7 40 0      41 22 0      
6 40 0      42 22 0      
5 40 0      43 22 0      
4 40 0      44 22 0      
3 40 0      45 22 0      
2 40 0      46 22 0      
1 40 1      47 22 0      
0 40 0       47 22 1      
50 40 0      48 22 0      
49 40 0      49 22 0      
48 40 0      0 22 0      
47 40 0      1 22 0      
46 40 0      2 22 0      
45 40 0      3 22 0      
44 40 0      4 22 0      
43 40 0      5 22 0      
42 40 0      6 22 0      
41 40 0      7 22 0      
40 40 0      8 22 0      
39 40 0      9 22 0      
38 40 0       9 22 1      
38 40 0      10 22 0      
37 40 0      11 22 0      
36 40 0      12 22 0      
35 40 0      12 23 0      
34 40 0      12 24 0      
33 40 0      12 25 0      
32 40 0      13 25 0      
31 40 0      14 25 0      
30 40 0       14 25 1      
30 40 0      14 26 0      
29 40 0      14 27 0      
28 40 0      14 28 0      
27 40 0      14 29 0      
26 40 0      14 30 0      
25 40 0      14 31 0      
24 40 0      14 32 0      
23 40 0      14 33 0      
22 40 0      14 34 0      
21 40 0      14 35 0      
20 40 0      14 36 0      
19 40 0      14 37 0      
18 40 0      14 38 0      
17 40 0      14 39 0      
16 40 0      14 40 0      
15 40 0      14 41 0      
14 40 0      14 42 0      
13 40 0      14 43 0      
12 40 0      14 44 0      
11 40 0      14 45 0      
10 40 0      14 46 0      
9 40 0      14 47 0      
8 40 0      15 47 0      
7 40 0      16 47 0      
6 40 0      17 47 0      
5 40 0      18 47 0      
4 40 0      19 47 0      
3 40 0      20 47 0      
2 40 0      21 47 0      
1 40 0      22 47 0      
50 40 0      23 47 0      
49 40 0      24 47 0      
48 40 0      25 47 0      
47 40 0      26 47 0      
46 40 0      27 47 0      
45 40 0      28 47 0      
44 40 0      29 47 0      
43 40 0      30 47 0      
42 40 0      31 47 0      
41 40 0      32 47 0      
40 40 0      33 47 0      
39 40 0      34 47 0      
38 40 0      35 47 0      
37 40 0      36 47 0      
36 40 0      37 47 0      
35 40 0      38 47 0      
34 40 0       38 47 1      
34 40 0      39 47 0      
33 40 0       39 47 1      
33 40 0      40 47 0      
32 40 0      41 47 0      
31 40 0      42 47 0      
30 40 0      43 47 0      
29 40 0      44 47 0      
28 40 0      45 47 0      
27 40 0      45 48 0      
26 40 0      45 49 0      
25 40 0      45 50 0      
24 40 0      45 51 0      
23 40 0      45 52 0      
22 40 0      45 3 0      
21 40 0      45 4 0      
20 40 0      45 5 0      
19 40 0      45 6 0      
18 40 0      45 7 0      
17 40 0      44 7 0      
16 40 0      43 7 0      
15 40 0      42 7 0      
14 40 0      41 7 0      
13 40 0      40 7 0      
12 40 0      39 7 0      
11 40 0      38 7 0      
10 40 0       38 7 1      
10 40 0      37 7 0      
9 40 0      37 6 0      
8 40 0      37 5 0      
7 40 0      37 4 0      
6 40 0      37 3 0      
5 40 0      37 52 0      
4 40 0      37 51 0      
3 40 0      37 50 0      
2 40 0      37 49 0      
1 40 0       37 49 1      
1 40 0      37 48 0      
0 40 0       37 48 1      
50 40 0      37 47 0      
49 40 0      37 46 0      
48 40 0      37 45 0      
47 40 0      37 44 0      
46 40 0      37 43 0      
45 40 0      37 42 0      
44 40 0      37 41 0      
43 40 0      37 40 0      
42 40 0      37 39 0      
41 40 0      37 38 0      
40 40 0      37 37 0      
39 40 0      37 36 0      
38 40 0      37 35 0      
37 40 0      37 34 0      
36 40 0      37 33 0      
35 40 0       37 33 1      
35 40 0      37 32 0      
34 40 0      37 31 0      
33 40 0      37 30 0      
32 40 0      37 29 0      
31 40 0      37 28 0      
30 40 0      37 27 0      
29 40 0      36 27 0      
28 40 0      35 27 0      
27 40 0      34 27 0      
26 40 0      33 27 0      
25 40 0      32 27 0      
24 40 0      31 27 0      
23 40 0      30 27 0      
22 40 0       30 27 1      
22 40 0      29 27 0      
21 40 0      28 27 0      
20 40 0       28 27 1      
20 40 0      27 27 0      
19 40 0      26 27 0      
18 40 0      25 27 0      
17 40 0      24 27 0      
16 40 0      23 27 0      
15 40 0      22 27 0      
14 40 0      21 27 0      
13 40 0      20 27 0      
12 40 0      19 27 0      
11 40 0      18 27 0      
10 40 0      17 27 0      
9 40 0      16 27 0      
8 40 0      15 27 0      
7 40 0      14 27 0      
6 40 0      13 27 0      
5 40 0      12 27 0      
4 40 0      11 27 0      
3 40 0      10 27 0      
2 40 0      9 27 0      
1 40 0      8 27 0      
50 40 0      7 27 0      
49 40 0      6 27 0      
48 40 0      5 27 0      
47 40 0      5 28 0      
46 40 0      5 29 0      
45 40 0      5 30 0      
44 40 0      6 30 0      
43 40 0      7 30 0      
42 40 0      8 30 0      
41 40 0      9 30 0      
40 40 0      10 30 0      
39 40 0      11 30 0      
38 40 0      12 30 0      
37 40 0      13 30 0      
36 40 0      14 30 0      
35 40 0      15 30 0      
34 40 0       15 30 1      
34 40 0      16 30 0      
33 40 0      17 30 0      
32 40 0      18 30 0      
31 40 0      19 30 0      
30 40 0      20 30 0      
29 40 0      21 30 0      
28 40 0      22 30 0      
27 40 0      23 30 0      
26 40 0      24 30 0      
25 40 0      25 30 0      
24 40 0      26 30 0      
23 40 0      27 30 0      
22 40 0      28 30 0      
21 40 0      29 30 0      
20 40 0      30 30 0      
19 40 0      31 30 0      
18 40 0      32 30 0      
17 40 0      33 30 0      
16 40 0      34 30 0      
15 40 0      35 30 0      
14 40 0      36 30 0      
13 40 0      37 30 0      
12 40 0      38 30 0      
11 40 0      39 30 0      
10 40 0      40 30 0      
9 40 0       40 30 1      
9 40 0      41 30 0      
8 40 0      42 30 0      
7 40 0      43 30 0      
6 40 0      44 30 0      
5 40 0      45 30 0      
4 40 0      46 30 0      
3 40 0      47 30 0      
2 40 0      48 30 0      
1 40 0      49 30 0      
50 40 0      0 30 0      
49 40 0      1 30 0      
48 40 0      2 30 0      
47 40 0      3 30 0      
46 40 0      4 30 0      
45 40 0       4 30 1      
45 40 0      5 30 0      
44 40 0      6 30 0      
43 40 0      7 30 0      
42 40 0      8 30 0      
41 40 0      9 30 0      
40 40 0      9 29 0      
39 40 0      9 28 0      
38 40 0      9 27 0      
37 40 0      9 26 0      
36 40 0      9 25 0      
35 40 0      9 24 0      
34 40 0      9 23 0      
33 40 0      9 22 0      
32 40 0      9 21 0      
31 40 0      9 20 0      
30 40 0      9 19 0      
29 40 0      9 18 0      
28 40 0      10 18 0      
27 40 0      11 18 0      
26 40 0      12 18 0      
25 40 0      12 17 0      
24 40 0       12 17 1      
24 40 0      12 16 0      
23 40 0      12 15 0      
22 40 0      12 14 0      
21 40 0      12 13 0      
20 40 0      12 12 0      
19 40 0      12 11 0      
18 40 0      12 10 0      
17 40 0      12 9 0      
16 40 0      12 8 0      
15 40 0      12 7 0      
14 40 0      12 6 0      
13 40 0      12 5 0      
12 40 0      12 4 0      
11 40 0      11 4 0      
10 40 0      10 4 0      
9 40 0      9 4 0      
8 40 0      8 4 0      
7 40 0      7 4 0      
6 40 0      6 4 0      
5 40 0      5 4 0      
4 40 0       5 4 1      
4 40 0      4 4 0      
3 40 0      3 4 0      
2 40 0      2 4 0      
1 40 0      1 4 0      
50 40 0      0 4 0      
49 40 0      49 4 0      
48 40 0      48 4 0      
47 40 0      48 3 0      
46 40 0      48 52 0      
45 40 0      48 51 0      
44 40 0       48 51 1      
44 40 0      49 51 0      
43 40 0      0 51 0      
42 40 0      1 51 0      
41 40 0      2 51 0      
40 40 0      3 51 0      
39 40 0       3 51 1      
39 40 0      3 50 0      
38 40 0      3 49 0      
37 40 0      3 48 0      
36 40 0      3 47 0      
35 40 0      3 46 0      
34 40 0      3 45 0      
33 40 0      3 44 0      
32 40 0      3 43 0      
31 40 0      2 43 0      
30 40 0      1 43 0      
29 40 0      0 43 0      
28 40 0      49 43 0      
27 40 0      48 43 0      
26 40 0      47 43 0      
25 40 0      47 44 0      
24 40 0      48 44 0      
23 40 0      49 44 0      
22 40 0      0 44 0      
21 40 0      1 44 0      
20 40 0      2 44 0      
19 40 0      3 44 0      
18 40 0      4 44 0      
17 40 0      4 45 0      
16 40 0      3 45 0      
15 40 0      2 45 0      
14 40 0      1 45 0      
13 40 0      0 45 0      
12 40 0      49 45 0      
11 40 0      48 45 0      
10 40 0      47 45 0      
9 40 0      46 45 0      
8 40 0      45 45 0      
7 40 0      44 45 0      
6 40 0      44 46 0      
5 40 0      43 46 0      
4 40 0      42 46 0      
3 40 0      41 46 0      
2 40 0      41 47 0      
1 40 0      41 48 0      
50 40 0      41 49 0      
49 40 0      41 50 0      
48 40 0      41 51 0      
47 40 0      41 52 0      
46 40 0       41 52 1      
46 40 0      41 3 0      
45 40 0      41 4 0      
44 40 0      42 4 0      
43 40 0      43 4 0      
42 40 0      44 4 0      
41 40 0      44 5 0      
40 40 0      44 6 0      
39 40 0       44 6 1      
39 40 0      44 7 0      
38 40 0      44 8 0      
37 40 0      44 9 0      
36 40 0      44 10 0      
35 40 0      44 11 0      
34 40 0      44 12 0      
33 40 0      44 13 0      
32 40 0      44 14 0      
31 40 0      44 15 0      
30 40 0      44 16 0      
29 40 0      44 17 0      
28 40 0      44 18 0      
27 40 0      44 19 0      
26 40 0      44 20 0      
25 40 0      44 21 0      
24 40 0      44 22 0      
23 40 0      44 23 0      
22 40 0      44 24 0      
21 40 0      43 24 0      
20 40 0      42 24 0      
19 40 0      41 24 0      
18 40 0      41 25 0      
17 40 0      41 26 0      
16 40 0      41 27 0      
15 40 0      42 27 0      
14 40 0      43 27 0      
13 40 0      44 27 0      
12 40 0      44 28 0      
11 40 0      44 29 0      
10 40 0      44 30 0      
9 40 0      44 31 0      
8 40 0       44 31 1      
8 40 0      44 32 0      
7 40 0      44 33 0      
6 40 0      44 34 0      
5 40 0      44 35 0      
4 40 0      44 36 0      
3 40 0      44 37 0      
2 40 0      44 38 0      
1 40 0      44 39 0      
50 40 0      44 40 0      
49 40 0      44 41 0      
48 40 0      44 42 0      
47 40 0      44 43 0      
46 40 0      45 43 0      
45 40 0      46 43 0      
44 40 0      47 43 0      
43 40 0      48 43 0      
42 40 0      49 43 0      
41 40 0      0 43 0      
40 40 0      1 43 0      
39 40 0      2 43 0      
38 40 0      3 43 0      
37 40 0      4 43 0      
36 40 0      4 42 0      
35 40 0      4 41 0      
34 40 0      4 40 0      
33 40 0      4 39 0      
32 40 0      4 38 0      
31 40 0      4 37 0      
30 40 0      5 37 0      
29 40 0      6 37 0      
28 40 0      7 37 0      
27 40 0      8 37 0      
26 40 0      9 37 0      
25 40 0      10 37 0      
24 40 0      11 37 0      
23 40 0      12 37 0      
22 40 0      13 37 0      
21 40 0      14 37 0      
20 40 0      15 37 0      
19 40 0      16 37 0      
18 40 0      16 36 0      
17 40 0      16 35 0      
16 40 0      16 34 0      
15 40 0      16 33 0      
14 40 0      16 32 0      
13 40 0      16 31 0      
12 40 0      16 30 0      
11 40 0      16 29 0      
10 40 0      16 28 0      
9 40 0      16 27 0      
8 40 0      16 26 0      
7 40 0      16 25 0      
6 40 0      16 24 0      
5 40 0      16 23 0      
4 40 0      16 22 0      
3 40 0      16 21 0      
2 40 0      16 20 0      
1 40 0      16 19 0      
50 40 0      16 18 0      
49 40 0      16 17 0      
48 40 0      15 17 0      
47 40 0      14 17 0      
46 40 0      13 17 0      
45 40 0      12 17 0      
44 40 0      11 17 0      
43 40 0      11 18 0      
42 40 0      11 19 0      
41 40 0      11 20 0      
40 40 0      11 21 0      
39 40 0      11 22 0      
38 40 0      11 23 0      
37 40 0      11 24 0      
36 40 0      11 25 0      
35 40 0      11 26 0      
34 40 0      11 27 0      
33 40 0      11 28 0      
32 40 0      11 29 0      
31 40 0      11 30 0      
30 40 0      11 31 0      
29 40 0      11 32 0      
28 40 0      10 32 0      
27 40 0      9 32 0      
26 40 0      9 33 0      
25 40 0      9 34 0      
24 40 0      9 35 0      
23 40 0      10 35 0      
22 40 0       10 35 1      
22 40 0      11 35 0      
21 40 0      12 35 0      
20 40 0      13 35 0      
19 40 0      14 35 0      
18 40 0      15 35 0      
17 40 0      16 35 0      
16 40 0      17 35 0      
15 40 0      18 35 0      
14 40 0      19 35 0      
13 40 0      20 35 0      
12 40 0      21 35 0      
11 40 0      22 35 0      
10 40 0      23 35 0      
9 40 0      24 35 0      
8 40 0      25 35 0      
7 40 0      26 35 0      
6 40 0      27 35 0      
5 40 0      27 36 0      
4 40 0      27 37 0      
3 40 0      27 38 0      
2 40 0      27 39 0      
1 40 0      27 40 0      
50 40 0      27 41 0      
49 40 0      27 42 0      
48 40 0      27 43 0      
47 40 0      27 44 0      
46 40 0      27 45 0      
45 40 0      27 46 0      
44 40 0      27 47 0      
43 40 0      27 48 0      
42 40 0      27 49 0      
41 40 0      27 50 0      
40 40 0      27 51 0      
39 40 0      27 52 0      
38 40 0      27 3 0      
37 40 0      27 4 0      
36 40 0      27 5 0      
35 40 0      27 6 0      
34 40 0      28 6 0      
33 40 0      29 6 0      
32 40 0      30 6 0      
31 40 0       30 6 1      
31 40 0      31 6 0      
30 40 0      32 6 0      
29 40 0      33 6 0      
28 40 0      33 7 0      
27 40 0      33 8 0      
26 40 0      33 9 0      
25 40 0      33 10 0      
24 40 0      33 11 0      
23 40 0      33 12 0      
22 40 0      33 13 0      
21 40 0      33 14 0      
20 40 0      33 15 0      
19 40 0      33 16 0      
18 40 0      33 17 0      
17 40 0      33 18 0      
16 40 0      33 19 0      
15 40 0      33 20 0      
14 40 0      34 20 0      
13 40 0      35 20 0      
12 40 0      36 20 0      
11 40 0      37 20 0      
10 40 0      38 20 0      
9 40 0      39 20 0      
8 40 0      40 20 0      
7 40 0      41 20 0      
6 40 0      42 20 0      
5 40 0      43 20 0      
4 40 0      44 20 0      
3 40 0      45 20 0      
2 40 0      46 20 0      
1 40 0      47 20 0      
50 40 0      48 20 0      
49 40 0      49 20 0      
48 40 0      0 20 0      
47 40 0      1 20 0      
46 40 0       1 20 1      
46 40 0      2 20 0      
45 40 0      2 19 0      
44 40 0      2 18 0      
43 40 0      2 17 0      
42 40 0      2 16 0      
41 40 0      2 15 0      
40 40 0      2 14 0      
39 40 0      2 13 0      
38 40 0      1 13 0      
37 40 0      0 13 0      
36 40 0      49 13 0      
35 40 0      48 13 0      
34 40 0       48 13 1      
34 40 0      47 13 0      
33 40 0      46 13 0      
32 40 0      45 13 0      
31 40 0      45 14 0      
30 40 0      45 15 0      
29 40 0      45 16 0      
28 40 0      45 17 0      
27 40 0      45 18 0      
26 40 0      45 19 0      
25 40 0      46 19 0      
24 40 0      47 19 0      
23 40 0       47 19 1      
23 40 0      48 19 0      
22 40 0      49 19 0      
21 40 0      0 19 0      
20 40 0      0 20 0      
19 40 0      1 20 0      
18 40 0      2 20 0      
17 40 0      3 20 0      
16 40 0      4 20 0      
15 40 0      5 20 0      
14 40 0      6 20 0      
13 40 0      6 21 0      
12 40 0      6 22 0      
11 40 0      6 23 0      
10 40 0      6 24 0      
9 40 0      6 25 0      
8 40 0      6 26 0      
7 40 0      6 27 0      
6 40 0      7 27 0      
5 40 0      8 27 0      
4 40 0      8 26 0      
3 40 0      8 25 0      
2 40 0      8 24 0      
1 40 0      8 23 0      
50 40 0      8 22 0      
49 40 0      8 21 0      
48 40 0      8 20 0      
47 40 0      8 19 0      
46 40 0      8 18 0      
45 40 0      9 18 0      
44 40 0      10 18 0      
43 40 0      11 18 0      
42 40 0      12 18 0      
41 40 0      13 18 0      
40 40 0      14 18 0      
39 40 0      15 18 0      
38 40 0      15 19 0      
