10 40 0      40 20 0      
9 40 0      40 21 0      
8 40 0      40 22 0      
7 40 0       40 22 1      
7 40 0      40 23 0      
6 40 0      40 24 0      
5 40 0      40 25 0      
4 40 0      41 25 0      
3 40 0      42 25 0      
2 40 1      43 25 0      
1 40 0      44 25 0      
50 40 0      45 25 0      
49 40 0      46 25 0      
48 40 0      47 25 0      
47 40 0      48 25 0      
46 40 0      49 25 0      
45 40 0      0 25 0      
44 40 0      0 24 0      
43 40 0      0 23 0      
42 40 0      0 22 0      
41 40 0      0 21 0      
40 40 0      0 20 0      
39 40 0      0 19 0      
38 40 0      0 18 0      
37 40 0      0 17 0      
36 40 0      0 16 0      
35 40 0      0 15 0      
34 40 1      0 14 0      
33 40 0      0 13 0      
32 40 0      0 12 0      
31 40 0      0 11 0      
30 40 0      0 10 0      
29 40 0      0 9 0      
28 40 0      0 8 0      
27 40 0      0 7 0      
26 40 0      0 6 0      
25 40 0      0 5 0      
24 40 0      0 4 0      
23 40 0      0 3 0      
22 40 0      0 52 0      
21 40 0      0 51 0      
20 40 0      1 51 0      
19 40 0      2 51 0      
18 40 0      3 51 0      
17 40 0      3 52 0      
16 40 0      3 3 0      
15 40 0      3 4 0      
14 40 0      3 5 0      
13 40 0      3 6 0      
12 40 0      3 7 0      
11 40 0      3 8 0      
10 40 0      4 8 0      
9 40 0      5 8 0      
8 40 0      6 8 0      
7 40 0      7 8 0      
6 40 0      8 8 0      
5 40 0      9 8 0      
4 40 0      9 7 0      
3 40 0      8 7 0      
2 40 0      7 7 0      
1 40 0      6 7 0      
50 40 0      5 7 0      
49 40 0      4 7 0      
48 40 0       4 7 1      
48 40 0      3 7 0      
47 40 0      2 7 0      
46 40 0      2 8 0      
45 40 0      2 9 0      
44 40 0      2 10 0      
43 40 0      2 11 0      
42 40 0      2 12 0      
41 40 0      2 13 0      
40 40 0      1 13 0      
39 40 0      0 13 0      
38 40 0      49 13 0      
37 40 0      48 13 0      
36 40 0      47 13 0      
35 40 0      46 13 0      
34 40 0      45 13 0      
33 40 0      44 13 0      
32 40 0      43 13 0      
31 40 0      42 13 0      
30 40 0      41 13 0      
29 40 0      41 14 0      
28 40 0      41 15 0      
27 40 0       41 15 1      
27 40 0      41 16 0      
26 40 0      41 17 0      
25 40 0      41 18 0      
24 40 0      41 19 0      
23 40 0      41 20 0      
22 40 0      41 21 0      
21 40 0       41 21 1      
21 40 0      41 22 0      
20 40 0      41 23 0      
19 40 0      41 24 0      
18 40 0      41 25 0      
17 40 0      41 26 0      
16 40 0      41 27 0      
15 40 0      41 28 0      
14 40 0      41 29 0      
13 40 0      41 30 0      
12 40 0      41 31 0      
11 40 0      41 32 0      
10 40 0      41 33 0      
9 40 0      41 34 0      
8 40 0      41 35 0      
7 40 0      41 36 0      
6 40 0      41 37 0      
5 40 0      41 38 0      
4 40 0      41 39 0      
3 40 0      41 40 0      
2 40 0      41 41 0      
1 40 0       41 41 1      
1 40 0      41 42 0      
50 40 0      41 43 0      
49 40 0      41 44 0      
48 40 0      41 45 0      
47 40 0      41 46 0      
46 40 0      41 47 0      
45 40 0      41 48 0      
44 40 0      41 49 0      
43 40 0       41 49 1      
43 40 0      41 50 0      
42 40 0      41 51 0      
41 40 0      42 51 0      
40 40 0      43 51 0      
39 40 0      44 51 0      
38 40 0      45 51 0      
37 40 0      46 51 0      
36 40 0       46 51 1      
36 40 0      47 51 0      
35 40 0      48 51 0      
34 40 0      49 51 0      
33 40 0      0 51 0      
32 40 0      1 51 0      
31 40 0      2 51 0      
30 40 0      3 51 0      
29 40 0      4 51 0      
28 40 0      5 51 0      
27 40 0      6 51 0      
26 40 0      7 51 0      
25 40 0      8 51 0      
24 40 0      9 51 0      
23 40 0      10 51 0      
22 40 0      11 51 0      
21 40 0      12 51 0      
20 40 0      13 51 0      
19 40 0      13 50 0      
18 40 0       13 50 1      
18 40 0      13 49 0      
17 40 0      13 48 0      
16 40 0      13 47 0      
15 40 0      12 47 0      
14 40 0      11 47 0      
13 40 0      10 47 0      
12 40 0      9 47 0      
11 40 0      8 47 0      
10 40 0      7 47 0      
9 40 0      6 47 0      
8 40 0      5 47 0      
7 40 0      4 47 0      
6 40 0      3 47 0      
5 40 0      3 48 0      
4 40 0      3 49 0      
3 40 0      3 50 0      
2 40 0      4 50 0      
1 40 0      5 50 0      
50 40 0      6 50 0      
49 40 0      6 51 0      
48 40 0      6 52 0      
47 40 0      6 3 0      
46 40 0      6 4 0      
45 40 0      6 5 0      
44 40 0      6 6 0      
43 40 0      6 7 0      
42 40 0      6 8 0      
41 40 0      6 9 0      
40 40 0      6 10 0      
39 40 0      6 11 0      
38 40 0      6 12 0      
37 40 0      6 13 0      
36 40 0      6 14 0      
35 40 0      6 15 0      
34 40 0      6 16 0      
33 40 0      5 16 0      
32 40 0      4 16 0      
31 40 0      3 16 0      
30 40 0       3 16 1      
30 40 0      2 16 0      
29 40 0      1 16 0      
28 40 0      0 16 0      
27 40 0      49 16 0      
26 40 0      48 16 0      
25 40 0      47 16 0      
24 40 0      46 16 0      
23 40 0      46 15 0      
22 40 0      46 14 0      
21 40 0       46 14 1      
21 40 0      46 13 0      
20 40 0      46 12 0      
19 40 0      46 11 0      
18 40 0      46 10 0      
17 40 0      46 9 0      
16 40 0      46 8 0      
15 40 0      46 7 0      
14 40 0      46 6 0      
13 40 0      46 5 0      
12 40 0      46 4 0      
11 40 0      46 3 0      
10 40 0      46 52 0      
9 40 0      46 51 0      
8 40 0      46 50 0      
7 40 0      46 49 0      
6 40 0      46 48 0      
5 40 0      46 47 0      
4 40 0      46 46 0      
3 40 0      46 45 0      
2 40 0      46 44 0      
1 40 0      47 44 0      
50 40 0      48 44 0      
49 40 0      49 44 0      
48 40 0      0 44 0      
47 40 0      1 44 0      
46 40 0      2 44 0      
45 40 0      3 44 0      
44 40 0      4 44 0      
43 40 0      5 44 0      
42 40 0      6 44 0      
41 40 0      6 45 0      
40 40 0      6 46 0      
39 40 0      6 47 0      
38 40 0      6 48 0      
37 40 0      6 49 0      
36 40 0      6 50 0      
35 40 0      6 51 0      
34 40 0      6 52 0      
33 40 0      6 3 0      
32 40 0      6 4 0      
31 40 0      6 5 0      
30 40 0      6 6 0      
29 40 0      6 7 0      
28 40 0      6 8 0      
27 40 0      6 9 0      
26 40 0      6 10 0      
25 40 0      6 11 0      
24 40 0      6 12 0      
23 40 0      6 13 0      
22 40 0      6 14 0      
21 40 0      6 15 0      
20 40 0      6 16 0      
19 40 0      6 17 0      
18 40 0      6 18 0      
17 40 0      6 19 0      
16 40 0      6 20 0      
15 40 0      6 21 0      
14 40 0      6 22 0      
13 40 0      6 23 0      
12 40 0      6 24 0      
11 40 0      6 25 0      
10 40 0      5 25 0      
9 40 0      4 25 0      
8 40 0      4 26 0      
7 40 0      4 27 0      
6 40 0      4 28 0      
5 40 0      4 29 0      
4 40 0      4 30 0      
3 40 0       4 30 1      
3 40 0      4 31 0      
2 40 0      4 32 0      
1 40 0      4 33 0      
50 40 0      4 34 0      
49 40 0      4 35 0      
48 40 0      4 36 0      
47 40 0      4 37 0      
46 40 0      4 38 0      
45 40 0      4 39 0      
44 40 0      3 39 0      
43 40 0      2 39 0      
42 40 0      1 39 0      
41 40 0       1 39 1      
41 40 0      0 39 0      
40 40 0       0 39 1      
40 40 0      49 39 0      
39 40 0      48 39 0      
38 40 0      47 39 0      
37 40 0      46 39 0      
36 40 0      45 39 0      
35 40 0      44 39 0      
34 40 0      43 39 0      
33 40 0      42 39 0      
32 40 0      41 39 0      
31 40 0      40 39 0      
30 40 0      39 39 0      
29 40 0      38 39 0      
28 40 0      37 39 0      
27 40 0      36 39 0      
26 40 0      35 39 0      
25 40 0      34 39 0      
24 40 0      34 40 0      
23 40 0      34 41 0      
22 40 0      34 42 0      
21 40 0      35 42 0      
20 40 0      36 42 0      
19 40 0      37 42 0      
18 40 0      38 42 0      
17 40 0       38 42 1      
17 40 0      39 42 0      
16 40 0      40 42 0      
15 40 0      41 42 0      
14 40 0      42 42 0      
13 40 0      43 42 0      
12 40 0      44 42 0      
11 40 0      45 42 0      
10 40 0      46 42 0      
9 40 0      47 42 0      
8 40 0      47 43 0      
7 40 0      47 44 0      
6 40 0      46 44 0      
5 40 0      45 44 0      
4 40 0      44 44 0      
3 40 0      43 44 0      
2 40 0      42 44 0      
1 40 0      41 44 0      
50 40 0      40 44 0      
49 40 0      39 44 0      
48 40 0      38 44 0      
47 40 0      37 44 0      
46 40 0      36 44 0      
45 40 0      35 44 0      
44 40 0      34 44 0      
43 40 0       34 44 1      
43 40 0      34 43 0      
42 40 0      34 42 0      
41 40 0      34 41 0      
40 40 0      33 41 0      
39 40 0      32 41 0      
38 40 0      31 41 0      
37 40 0      30 41 0      
36 40 0      30 42 0      
35 40 0      30 43 0      
34 40 0      30 44 0      
33 40 0      30 45 0      
32 40 0      30 46 0      
31 40 0      30 47 0      
30 40 0      30 48 0      
29 40 0      30 49 0      
28 40 0      30 50 0      
27 40 0      30 51 0      
26 40 0      30 52 0      
25 40 0      30 3 0      
24 40 0      30 4 0      
23 40 0      30 5 0      
22 40 0      30 6 0      
21 40 0      30 7 0      
20 40 0      30 8 0      
19 40 0      30 9 0      
18 40 0      30 10 0      
17 40 0      30 11 0      
16 40 0      30 12 0      
15 40 0      31 12 0      
14 40 0      31 13 0      
13 40 0      31 14 0      
12 40 0      31 15 0      
11 40 0      31 16 0      
10 40 0      31 17 0      
9 40 0      31 18 0      
8 40 0      31 19 0      
7 40 0      31 20 0      
6 40 0      31 21 0      
5 40 0      31 22 0      
4 40 0      31 23 0      
3 40 0      31 24 0      
2 40 0      31 25 0      
1 40 0      32 25 0      
50 40 0      33 25 0      
49 40 0      34 25 0      
48 40 0       34 25 1      
48 40 0      35 25 0      
47 40 0      36 25 0      
46 40 0      36 24 0      
45 40 0      36 23 0      
44 40 0      36 22 0      
43 40 0      35 22 0      
42 40 0      34 22 0      
41 40 0      33 22 0      
40 40 0      32 22 0      
39 40 0      31 22 0      
38 40 0      30 22 0      
37 40 0      29 22 0      
36 40 0      28 22 0      
35 40 0      27 22 0      
34 40 0      26 22 0      
33 40 0      25 22 0      
32 40 0      24 22 0      
31 40 0      23 22 0      
30 40 0      22 22 0      
29 40 0      21 22 0      
28 40 0      20 22 0      
27 40 0      19 22 0      
26 40 0      18 22 0      
25 40 0      17 22 0      
24 40 0      16 22 0      
23 40 0      15 22 0      
22 40 0      14 22 0      
21 40 0      13 22 0      
20 40 0      12 22 0      
19 40 0      11 22 0      
18 40 0      10 22 0      
17 40 0      9 22 0      
16 40 0      8 22 0      
15 40 0      7 22 0      
14 40 0      6 22 0      
13 40 0      6 21 0      
12 40 0      6 20 0      
11 40 0      6 19 0      
10 40 0      6 18 0      
9 40 0      6 17 0      
8 40 0      6 16 0      
7 40 0      6 15 0      
6 40 0      6 14 0      
5 40 0      6 13 0      
4 40 0      6 12 0      
3 40 0      6 11 0      
2 40 0      6 10 0      
1 40 0      5 10 0      
50 40 0      4 10 0      
49 40 0      3 10 0      
48 40 0      2 10 0      
47 40 0      1 10 0      
46 40 0      0 10 0      
45 40 0      49 10 0      
44 40 0      48 10 0      
43 40 0      47 10 0      
42 40 0      46 10 0      
41 40 0      45 10 0      
40 40 0      44 10 0      
39 40 0      43 10 0      
38 40 0      42 10 0      
37 40 0       42 10 1      
37 40 0      41 10 0      
36 40 0      40 10 0      
35 40 0      39 10 0      
34 40 0      38 10 0      
33 40 0      37 10 0      
32 40 0      37 11 0      
31 40 0      37 12 0      
30 40 0      37 13 0      
29 40 0      36 13 0      
28 40 0      35 13 0      
27 40 0      34 13 0      
26 40 0      33 13 0      
25 40 0      32 13 0      
24 40 0      31 13 0      
23 40 0      30 13 0      
22 40 0      29 13 0      
21 40 0      28 13 0      
20 40 0      27 13 0      
19 40 0      26 13 0      
18 40 0      26 14 0      
17 40 0      26 15 0      
16 40 0      26 16 0      
15 40 0      26 17 0      
14 40 0      27 17 0      
13 40 0      28 17 0      
12 40 0      29 17 0      
11 40 0      30 17 0      
10 40 0      31 17 0      
9 40 0      32 17 0      
8 40 0      33 17 0      
7 40 0      34 17 0      
6 40 0      35 17 0      
5 40 0      36 17 0      
4 40 0      37 17 0      
3 40 0      38 17 0      
2 40 0      39 17 0      
1 40 0      40 17 0      
50 40 0      41 17 0      
49 40 0      42 17 0      
48 40 0      43 17 0      
47 40 0      44 17 0      
46 40 0      45 17 0      
45 40 0      46 17 0      
44 40 0      46 18 0      
43 40 0      46 19 0      
42 40 0      46 20 0      
41 40 0      47 20 0      
40 40 0      48 20 0      
39 40 0      49 20 0      
38 40 0      0 20 0      
37 40 0      1 20 0      
36 40 0      1 21 0      
35 40 0      1 22 0      
34 40 0      0 22 0      
33 40 0      49 22 0      
32 40 0      48 22 0      
31 40 0      47 22 0      
30 40 0      46 22 0      
29 40 0      45 22 0      
28 40 0      44 22 0      
27 40 0      43 22 0      
26 40 0      42 22 0      
25 40 0      41 22 0      
24 40 0      41 23 0      
23 40 0      41 24 0      
22 40 0      41 25 0      
21 40 0      41 26 0      
20 40 0      41 27 0      
19 40 0      40 27 0      
18 40 0      39 27 0      
17 40 0      38 27 0      
16 40 0      37 27 0      
15 40 0      36 27 0      
14 40 0      36 28 0      
13 40 0      36 29 0      
12 40 0      36 30 0      
11 40 0      36 31 0      
10 40 0      36 32 0      
9 40 0      36 33 0      
8 40 0      36 34 0      
7 40 0      36 35 0      
6 40 0      36 36 0      
5 40 0      36 37 0      
4 40 0      36 38 0      
3 40 0      36 39 0      
2 40 0      36 40 0      
1 40 0      37 40 0      
50 40 0      38 40 0      
49 40 0      39 40 0      
48 40 0      40 40 0      
47 40 0      41 40 0      
46 40 0      42 40 0      
45 40 0      43 40 0      
44 40 0      44 40 0      
43 40 0      45 40 0      
42 40 0      46 40 0      
41 40 0      47 40 0      
40 40 0      48 40 0      
39 40 0      49 40 0      
38 40 0      0 40 0      
37 40 0      1 40 0      
36 40 0      2 40 0      
35 40 0      3 40 0      
34 40 0      4 40 0      
33 40 0      5 40 0      
32 40 0      6 40 0      
31 40 0      7 40 0      
30 40 0      8 40 0      
29 40 0      9 40 0      
28 40 0      10 40 0      
27 40 0      10 41 0      
26 40 0      10 42 0      
25 40 0      11 42 0      
24 40 0      12 42 0      
23 40 0      13 42 0      
22 40 0      14 42 0      
21 40 0      15 42 0      
20 40 0       15 42 1      
20 40 0      16 42 0      
19 40 0      17 42 0      
18 40 0      18 42 0      
17 40 0      19 42 0      
16 40 0      20 42 0      
15 40 0      21 42 0      
14 40 0      22 42 0      
13 40 0      23 42 0      
12 40 0      23 43 0      
11 40 0      23 44 0      
10 40 0      23 45 0      
9 40 0      23 46 0      
8 40 0      23 47 0      
7 40 0       23 47 1      
7 40 0      23 48 0      
6 40 0      23 49 0      
5 40 0      23 50 0      
4 40 0      22 50 0      
3 40 0      21 50 0      
2 40 0      20 50 0      
1 40 0      19 50 0      
50 40 0      18 50 0      
49 40 0      17 50 0      
48 40 0      16 50 0      
47 40 0      16 49 0      
46 40 0      16 48 0      
45 40 0      16 47 0      
44 40 0      16 46 0      
43 40 0      16 45 0      
42 40 0      17 45 0      
41 40 0      18 45 0      
40 40 0      19 45 0      
39 40 0      20 45 0      
38 40 0      21 45 0      
37 40 0      22 45 0      
36 40 0      23 45 0      
35 40 0      24 45 0      
34 40 0      25 45 0      
33 40 0      26 45 0      
32 40 0      27 45 0      
31 40 0      28 45 0      
30 40 0      29 45 0      
29 40 0      30 45 0      
28 40 0      31 45 0      
27 40 0      31 46 0      
26 40 0       31 46 1      
26 40 0      31 47 0      
25 40 0      31 48 0      
24 40 0      32 48 0      
23 40 0      33 48 0      
22 40 0      34 48 0      
21 40 0      35 48 0      
20 40 0      36 48 0      
19 40 0      37 48 0      
18 40 0      38 48 0      
17 40 0      39 48 0      
16 40 0      40 48 0      
15 40 0      41 48 0      
14 40 0      42 48 0      
13 40 0       42 48 1      
13 40 0      43 48 0      
12 40 0      44 48 0      
11 40 0      45 48 0      
10 40 0      46 48 0      
9 40 0      47 48 0      
8 40 0      47 47 0      
7 40 0      47 46 0      
6 40 0      47 45 0      
5 40 0       47 45 1      
5 40 0      47 44 0      
4 40 0      47 43 0      
3 40 0      47 42 0      
2 40 0      47 41 0      
1 40 0      47 40 0      
50 40 0      47 39 0      
49 40 0      47 38 0      
48 40 0      47 37 0      
47 40 0      47 36 0      
46 40 0      47 35 0      
45 40 0      47 34 0      
44 40 0      47 33 0      
43 40 0      47 32 0      
42 40 0      47 31 0      
41 40 0      48 31 0      
40 40 0      49 31 0      
39 40 0      0 31 0      
38 40 0      1 31 0      
37 40 0      1 32 0      
36 40 0      1 33 0      
35 40 0      1 34 0      
34 40 0      1 35 0      
33 40 0      1 36 0      
32 40 0      1 37 0      
31 40 0      1 38 0      
30 40 0      1 39 0      
29 40 0      1 40 0      
28 40 0      1 41 0      
27 40 0      0 41 0      
26 40 0      49 41 0      
25 40 0      48 41 0      
24 40 0      47 41 0      
23 40 0      46 41 0      
22 40 0      45 41 0      
21 40 0      44 41 0      
20 40 0      43 41 0      
19 40 0      43 42 0      
18 40 0      43 43 0      
17 40 0      43 44 0      
16 40 0      43 45 0      
15 40 0      43 46 0      
14 40 0      44 46 0      
13 40 0       44 46 1      
13 40 0       44 46 1      
13 40 0      45 46 0      
12 40 0      46 46 0      
11 40 0      47 46 0      
10 40 0      47 45 0      
9 40 0      47 44 0      
8 40 0      47 43 0      
7 40 0      47 42 0      
6 40 0      47 41 0      
5 40 0      48 41 0      
4 40 0      49 41 0      
3 40 0      0 41 0      
2 40 0      1 41 0      
1 40 0      2 41 0      
50 40 0      3 41 0      
49 40 0      4 41 0      
48 40 0      5 41 0      
47 40 0      6 41 0      
46 40 0      7 41 0      
45 40 0      8 41 0      
44 40 0      9 41 0      
43 40 0      10 41 0      
42 40 0      11 41 0      
41 40 0      12 41 0      
40 40 0      13 41 0      
39 40 0      14 41 0      
38 40 0      15 41 0      
37 40 0      15 42 0      
36 40 0      15 43 0      
35 40 0      15 44 0      
34 40 0      15 45 0      
33 40 0      15 46 0      
32 40 0      14 46 0      
31 40 0      13 46 0      
30 40 0      12 46 0      
29 40 0      11 46 0      
28 40 0      10 46 0      
27 40 0      10 47 0      
26 40 0      10 48 0      
25 40 0      10 49 0      
24 40 0      10 50 0      
23 40 0      10 51 0      
22 40 0      10 52 0      
21 40 0      9 2 0      
20 40 0      9 3 0      
19 40 0      9 4 0      
18 40 0      9 5 0      
17 40 0      9 6 0      
16 40 0      9 7 0      
15 40 0      8 7 0      
14 40 0      7 7 0      
13 40 0      6 7 0      
12 40 0      5 7 0      
11 40 0      4 7 0      
10 40 0      3 7 0      
9 40 0      2 7 0      
8 40 0      1 7 0      
7 40 0      0 7 0      
6 40 0      49 7 0      
5 40 0      48 7 0      
4 40 0      48 6 0      
3 40 0      48 5 0      
2 40 0      48 4 0      
1 40 0      48 3 0      
50 40 0      48 52 0      
49 40 0      48 51 0      
48 40 0      48 50 0      
47 40 0      48 49 0      
46 40 0      48 48 0      
45 40 0      47 48 0      
44 40 0      46 48 0      
43 40 0      45 48 0      
42 40 0      45 49 0      
41 40 0      45 50 0      
40 40 0      45 51 0      
39 40 0      46 51 0      
38 40 0      47 51 0      
37 40 0      48 51 0      
36 40 0      49 51 0      
35 40 0      0 51 0      
34 40 0      1 51 0      
33 40 0      2 51 0      
32 40 0      3 51 0      
31 40 0      4 51 0      
30 40 0      5 51 0      
29 40 0      6 51 0      
28 40 0      7 51 0      
27 40 0      8 51 0      
26 40 0      9 51 0      
25 40 0      10 51 0      
24 40 0      11 51 0      
23 40 0      12 51 0      
22 40 0      13 51 0      
21 40 0      14 51 0      
20 40 0      15 51 0      
19 40 0      16 51 0      
18 40 0      17 51 0      
17 40 0      18 51 0      
16 40 0      18 50 0      
15 40 0      18 49 0      
14 40 0      18 48 0      
13 40 0      18 47 0      
12 40 0      18 46 0      
11 40 0      18 45 0      
10 40 0      18 44 0      
9 40 0      18 43 0      
8 40 0      18 42 0      
7 40 0      18 41 0      
6 40 0      18 40 0      
5 40 0      18 39 0      
4 40 0      18 38 0      
3 40 0      18 37 0      
2 40 0      18 36 0      
1 40 0      18 35 0      
50 40 0      18 34 0      
49 40 0      18 33 0      
48 40 0      18 32 0      
47 40 0      18 31 0      
46 40 0      18 30 0      
45 40 0      19 30 0      
44 40 0      20 30 0      
43 40 0      20 31 0      
42 40 0      20 32 0      
41 40 0      21 32 0      
40 40 0      22 32 0      
39 40 0       22 32 1      
39 40 0      23 32 0      
38 40 0      24 32 0      
37 40 0      25 32 0      
36 40 0      26 32 0      
35 40 0      27 32 0      
34 40 0      28 32 0      
33 40 0      29 32 0      
32 40 0      30 32 0      
31 40 0      31 32 0      
30 40 0      32 32 0      
29 40 0      33 32 0      
28 40 0      34 32 0      
27 40 0      35 32 0      
26 40 0      36 32 0      
25 40 0      37 32 0      
24 40 0      38 32 0      
23 40 0      39 32 0      
22 40 0      40 32 0      
21 40 0      40 31 0      
20 40 0      40 30 0      
19 40 0      40 29 0      
18 40 0      40 28 0      
17 40 0      41 28 0      
16 40 0      42 28 0      
15 40 0      42 27 0      
14 40 0      42 26 0      
13 40 0      42 25 0      
12 40 0      42 24 0      
11 40 0      42 23 0      
10 40 0      42 22 0      
9 40 0      42 21 0      
8 40 0      43 21 0      
7 40 0      44 21 0      
6 40 0      45 21 0      
5 40 0      46 21 0      
4 40 0       46 21 1      
4 40 0      47 21 0      
3 40 0      48 21 0      
2 40 0      49 21 0      
1 40 0      0 21 0      
50 40 0      1 21 0      
