10 40 0      40 20 0      
9 40 0      40 21 0      
8 40 0      40 22 0      
7 40 0      40 23 0      
6 40 0       40 23 1      
6 40 0      40 24 0      
5 40 0      40 25 0      
4 40 0      40 26 0      
3 40 0      40 27 0      
2 40 0      40 28 0      
1 40 0      40 29 0      
50 40 0      40 30 0      
49 40 0      40 31 0      
48 40 0      40 32 0      
47 40 0      40 33 0      
46 40 0      40 34 0      
45 40 0      40 35 0      
44 40 0      40 36 0      
43 40 0      40 37 0      
42 40 0      40 38 0      
41 40 0      40 39 0      
40 40 0      39 39 0      
39 40 0      38 39 0      
38 40 1      38 40 1      37 39 0      
37 40 0      36 39 0      
36 40 0      35 39 0      
35 40 0      34 39 0      
34 40 0      33 39 0      
33 40 0      32 39 0      
32 40 1      31 39 0      
31 40 0      30 39 0      
30 40 0      29 39 0      
29 40 0      28 39 0      
28 40 0      27 39 0      
27 40 0      26 39 0      
26 40 0      25 39 0      
25 40 0      24 39 0      
24 40 0      23 39 0      
23 40 0       23 39 1      
23 40 0      22 39 0      
22 40 0      21 39 0      
21 40 0      20 39 0      
20 40 0      19 39 0      
19 40 0       19 39 1      
19 40 0      18 39 0      
18 40 0      17 39 0      
17 40 0      16 39 0      
16 40 0      15 39 0      
15 40 0      14 39 0      
14 40 0      13 39 0      
13 40 0      12 39 0      
12 40 0      11 39 0      
11 40 0      10 39 0      
10 40 0      9 39 0      
9 40 0      8 39 0      
8 40 0      7 39 0      
7 40 0       7 39 1      
7 40 0      6 39 0      
6 40 0      5 39 0      
5 40 0      4 39 0      
4 40 0      3 39 0      
3 40 0      2 39 0      
2 40 0      1 39 0      
1 40 0      1 38 0      
50 40 0      2 38 0      
49 40 0      3 38 0      
48 40 0      4 38 0      
47 40 0      5 38 0      
46 40 0      6 38 0      
45 40 0      7 38 0      
44 40 0      8 38 0      
43 40 0      9 38 0      
42 40 0      10 38 0      
41 40 0      11 38 0      
40 40 0      11 39 0      
39 40 0      11 40 0      
38 40 0      11 41 0      
37 40 0      11 42 0      
36 40 0      11 43 0      
35 40 0      11 44 0      
34 40 0      11 45 0      
33 40 0      11 46 0      
32 40 0       11 46 1      
32 40 0      10 46 0      
31 40 0      9 46 0      
30 40 0      9 47 0      
29 40 0      9 48 0      
28 40 0      9 49 0      
27 40 0      10 49 0      
26 40 0      11 49 0      
25 40 0      12 49 0      
24 40 0      13 49 0      
23 40 0      13 50 0      
22 40 0      13 51 0      
21 40 0      13 52 0      
20 40 0      13 3 0      
19 40 0      13 4 0      
18 40 0      13 5 0      
17 40 0      13 6 0      
16 40 0      13 7 0      
15 40 0      13 8 0      
14 40 0      14 8 0      
13 40 0      15 8 0      
12 40 0      16 8 0      
11 40 0      17 8 0      
10 40 0      17 7 0      
9 40 0      17 6 0      
8 40 0      18 6 0      
7 40 0      19 6 0      
6 40 0      20 6 0      
5 40 0      21 6 0      
4 40 0      22 6 0      
3 40 0      23 6 0      
2 40 0      24 6 0      
1 40 0      25 6 0      
50 40 0      26 6 0      
49 40 0      27 6 0      
48 40 0      28 6 0      
47 40 0      29 6 0      
46 40 0      30 6 0      
45 40 0      31 6 0      
44 40 0      32 6 0      
43 40 0      33 6 0      
42 40 0      33 7 0      
41 40 0      33 8 0      
40 40 0      33 9 0      
39 40 0      33 10 0      
38 40 0      33 11 0      
37 40 0      33 12 0      
36 40 0      33 13 0      
35 40 0      33 14 0      
34 40 0      33 15 0      
33 40 0      33 16 0      
32 40 0      33 17 0      
31 40 0      33 18 0      
30 40 0      33 19 0      
29 40 0      33 20 0      
28 40 0      33 21 0      
27 40 0      33 22 0      
26 40 0      33 23 0      
25 40 0      34 23 0      
24 40 0      35 23 0      
23 40 0      36 23 0      
22 40 0      36 22 0      
21 40 0      36 21 0      
20 40 0      36 20 0      
19 40 0      36 19 0      
18 40 0      36 18 0      
17 40 0      36 17 0      
16 40 0      36 16 0      
15 40 0      36 15 0      
14 40 0      36 14 0      
13 40 0      36 13 0      
12 40 0      36 12 0      
11 40 0      36 11 0      
10 40 0      36 10 0      
9 40 0      36 9 0      
8 40 0      37 9 0      
7 40 0      38 9 0      
6 40 0      39 9 0      
5 40 0      40 9 0      
4 40 0      41 9 0      
3 40 0      42 9 0      
2 40 0      43 9 0      
1 40 0      44 9 0      
50 40 0      45 9 0      
49 40 0      46 9 0      
48 40 0      47 9 0      
47 40 0      48 9 0      
46 40 0      49 9 0      
45 40 0      0 9 0      
44 40 0      1 9 0      
43 40 0      1 8 0      
42 40 0      1 7 0      
41 40 0      1 6 0      
40 40 0      1 5 0      
39 40 0      1 4 0      
38 40 0      1 3 0      
37 40 0      1 52 0      
36 40 0      1 51 0      
35 40 0      1 50 0      
34 40 0       1 50 1      
34 40 0      1 49 0      
33 40 0      1 48 0      
32 40 0      1 47 0      
31 40 0      1 46 0      
30 40 0      1 45 0      
29 40 0      2 45 0      
28 40 0      3 45 0      
27 40 0      4 45 0      
26 40 0      5 45 0      
25 40 0      6 45 0      
24 40 0      7 45 0      
23 40 0      8 45 0      
22 40 0      9 45 0      
21 40 0      10 45 0      
20 40 0      11 45 0      
19 40 0      12 45 0      
18 40 0      13 45 0      
17 40 0      14 45 0      
16 40 0      15 45 0      
15 40 0      15 46 0      
14 40 0      15 47 0      
13 40 0      14 47 0      
12 40 0      14 48 0      
11 40 0      14 49 0      
10 40 0      13 49 0      
9 40 0      12 49 0      
8 40 0      11 49 0      
7 40 0      10 49 0      
6 40 0      9 49 0      
5 40 0      8 49 0      
4 40 0      7 49 0      
3 40 0       7 49 1      
3 40 0      6 49 0      
2 40 0      5 49 0      
1 40 0      4 49 0      
50 40 0      3 49 0      
49 40 0      2 49 0      
48 40 0      1 49 0      
47 40 0      0 49 0      
46 40 0      49 49 0      
45 40 0      48 49 0      
44 40 0      47 49 0      
43 40 0      47 50 0      
42 40 0      47 51 0      
41 40 0      47 52 0      
40 40 0      47 3 0      
39 40 0      47 4 0      
38 40 0      47 5 0      
37 40 0      47 6 0      
36 40 0      48 6 0      
35 40 0      49 6 0      
34 40 0      0 6 0      
33 40 0      1 6 0      
32 40 0      2 6 0      
31 40 0      3 6 0      
30 40 0      4 6 0      
29 40 0      5 6 0      
28 40 0      6 6 0      
27 40 0      7 6 0      
26 40 0      8 6 0      
25 40 0      9 6 0      
24 40 0      10 6 0      
23 40 0      11 6 0      
22 40 0      12 6 0      
21 40 0      13 6 0      
20 40 0      14 6 0      
19 40 0       14 6 1      
19 40 0      15 6 0      
18 40 0      16 6 0      
17 40 0      17 6 0      
16 40 0      18 6 0      
15 40 0      19 6 0      
14 40 0      20 6 0      
13 40 0      21 6 0      
12 40 0      21 7 0      
11 40 0      21 8 0      
10 40 0      21 9 0      
9 40 0      21 10 0      
8 40 0      21 11 0      
7 40 0      20 11 0      
6 40 0      20 10 0      
5 40 0      20 9 0      
4 40 0      20 8 0      
3 40 0      20 7 0      
2 40 0      20 6 0      
1 40 0      20 5 0      
50 40 0      20 4 0      
49 40 0      20 3 0      
48 40 0      20 52 0      
47 40 0      20 51 0      
46 40 0       20 51 1      
46 40 0      20 50 0      
45 40 0      20 49 0      
44 40 0      20 48 0      
43 40 0      20 47 0      
42 40 0      20 46 0      
41 40 0      20 45 0      
40 40 0      21 45 0      
39 40 0      21 46 0      
38 40 0      21 47 0      
37 40 0      21 48 0      
36 40 0      21 49 0      
35 40 0      21 50 0      
34 40 0      21 51 0      
33 40 0      21 52 0      
32 40 0      21 3 0      
31 40 0      21 4 0      
30 40 0      21 5 0      
29 40 0      21 6 0      
28 40 0      21 7 0      
27 40 0      21 8 0      
26 40 0      21 9 0      
25 40 0      21 10 0      
24 40 0      21 11 0      
23 40 0      21 12 0      
22 40 0      21 13 0      
21 40 0      21 14 0      
20 40 0      21 15 0      
19 40 0      21 16 0      
18 40 0      21 17 0      
17 40 0      21 18 0      
16 40 0      20 18 0      
15 40 0      19 18 0      
14 40 0       19 18 1      
14 40 0      18 18 0      
13 40 0      17 18 0      
12 40 0      16 18 0      
11 40 0      15 18 0      
10 40 0      14 18 0      
9 40 0      13 18 0      
8 40 0      12 18 0      
7 40 0      11 18 0      
6 40 0      10 18 0      
5 40 0      9 18 0      
4 40 0      8 18 0      
3 40 0      7 18 0      
2 40 0      6 18 0      
1 40 0      5 18 0      
50 40 0      4 18 0      
49 40 0      3 18 0      
48 40 0      3 17 0      
47 40 0      3 16 0      
46 40 0      3 15 0      
45 40 0      3 14 0      
44 40 0      3 13 0      
43 40 0      3 12 0      
42 40 0      4 12 0      
41 40 0      5 12 0      
40 40 0       5 12 1      
40 40 0      6 12 0      
39 40 0      7 12 0      
38 40 0      8 12 0      
37 40 0      9 12 0      
36 40 0      10 12 0      
35 40 0      11 12 0      
34 40 0      12 12 0      
33 40 0      13 12 0      
32 40 0      14 12 0      
31 40 0      15 12 0      
30 40 0      16 12 0      
29 40 0       16 12 1      
29 40 0      17 12 0      
28 40 0      18 12 0      
27 40 0      19 12 0      
26 40 0      20 12 0      
25 40 0      21 12 0      
24 40 0      22 12 0      
23 40 0      23 12 0      
22 40 0      24 12 0      
21 40 0      25 12 0      
20 40 0      26 12 0      
19 40 0      27 12 0      
18 40 0      28 12 0      
17 40 0      28 13 0      
16 40 0      28 14 0      
15 40 0      27 14 0      
14 40 0      26 14 0      
13 40 0      25 14 0      
12 40 0      24 14 0      
11 40 0      23 14 0      
10 40 0      22 14 0      
9 40 0      21 14 0      
8 40 0      20 14 0      
7 40 0      19 14 0      
6 40 0      18 14 0      
5 40 0      17 14 0      
4 40 0      16 14 0      
3 40 0      15 14 0      
2 40 0      14 14 0      
1 40 0      13 14 0      
50 40 0      12 14 0      
49 40 0      11 14 0      
48 40 0      10 14 0      
47 40 0      9 14 0      
46 40 0      8 14 0      
45 40 0      8 15 0      
44 40 0      8 16 0      
43 40 0      8 17 0      
42 40 0      8 18 0      
41 40 0      8 19 0      
40 40 0      8 20 0      
39 40 0      8 21 0      
38 40 0      7 21 0      
37 40 0      6 21 0      
36 40 0      5 21 0      
35 40 0      4 21 0      
34 40 0      3 21 0      
33 40 0      2 21 0      
32 40 0      1 21 0      
31 40 0      0 21 0      
30 40 0      50 20 0      
29 40 0      50 19 0      
28 40 0      49 19 0      
27 40 0      48 19 0      
26 40 0      47 19 0      
25 40 0      47 18 0      
24 40 0      47 17 0      
23 40 0      47 16 0      
22 40 0      48 16 0      
21 40 0      49 16 0      
20 40 0      0 16 0      
19 40 0      1 16 0      
18 40 0      1 17 0      
17 40 0      1 18 0      
16 40 0      1 19 0      
15 40 0      1 20 0      
14 40 0      0 20 0      
13 40 0      49 20 0      
12 40 0      48 20 0      
11 40 0      47 20 0      
10 40 0      46 20 0      
9 40 0      46 19 0      
8 40 0      46 18 0      
7 40 0      46 17 0      
6 40 0      46 16 0      
5 40 0      46 15 0      
4 40 0      46 14 0      
3 40 0      46 13 0      
2 40 0      46 12 0      
1 40 0      46 11 0      
50 40 0      46 10 0      
49 40 0      46 9 0      
48 40 0      46 8 0      
47 40 0       46 8 1      
47 40 0      46 7 0      
46 40 0      46 6 0      
45 40 0      46 5 0      
44 40 0      46 4 0      
43 40 0      46 3 0      
42 40 0      46 52 0      
41 40 0      46 51 0      
40 40 0      46 50 0      
39 40 0      46 49 0      
38 40 0      46 48 0      
37 40 0      46 47 0      
36 40 0      46 46 0      
35 40 0      46 45 0      
34 40 0       46 45 1      
34 40 0      46 44 0      
33 40 0      46 43 0      
32 40 0      46 42 0      
31 40 0      47 42 0      
30 40 0      48 42 0      
29 40 0      49 42 0      
28 40 0      0 42 0      
27 40 0      1 42 0      
26 40 0      2 42 0      
25 40 0      3 42 0      
24 40 0      4 42 0      
23 40 0      5 42 0      
22 40 0      6 42 0      
21 40 0      7 42 0      
20 40 0      8 42 0      
19 40 0      9 42 0      
18 40 0      10 42 0      
17 40 0       10 42 1      
17 40 0      11 42 0      
16 40 0      12 42 0      
15 40 0      13 42 0      
14 40 0      14 42 0      
13 40 0      15 42 0      
12 40 0      16 42 0      
11 40 0      17 42 0      
10 40 0      18 42 0      
9 40 0      19 42 0      
8 40 0      20 42 0      
7 40 0      21 42 0      
6 40 0      22 42 0      
5 40 0      23 42 0      
4 40 0      24 42 0      
3 40 0      25 42 0      
2 40 0      26 42 0      
1 40 0      27 42 0      
50 40 0      27 43 0      
49 40 0      27 44 0      
48 40 0      27 45 0      
47 40 0      27 46 0      
46 40 0      27 47 0      
45 40 0      27 48 0      
44 40 0      27 49 0      
43 40 0      27 50 0      
42 40 0      27 51 0      
41 40 0      27 52 0      
40 40 0      27 3 0      
39 40 0      28 3 0      
38 40 0      29 3 0      
37 40 0      30 3 0      
36 40 0      31 3 0      
35 40 0      32 3 0      
34 40 0      33 3 0      
33 40 0      34 3 0      
32 40 0      35 3 0      
31 40 0      36 3 0      
30 40 0      37 3 0      
29 40 0      38 3 0      
28 40 0      38 2 0      
27 40 0      38 52 0      
26 40 0      38 51 0      
25 40 0      38 50 0      
24 40 0      38 49 0      
23 40 0      38 48 0      
22 40 0      38 47 0      
21 40 0      38 46 0      
20 40 0      38 45 0      
19 40 0      38 44 0      
18 40 0      38 43 0      
17 40 0      38 42 0      
16 40 0      38 41 0      
15 40 0      38 40 0      
14 40 0      38 39 0      
13 40 0      38 38 0      
12 40 0      38 37 0      
11 40 0      37 37 0      
10 40 0      36 37 0      
9 40 0      35 37 0      
8 40 0      34 37 0      
7 40 0      34 36 0      
6 40 0      34 35 0      
5 40 0      34 34 0      
4 40 0      34 33 0      
3 40 0      34 32 0      
2 40 0      34 31 0      
1 40 0      34 30 0      
50 40 0      35 30 0      
49 40 0      36 30 0      
48 40 0      37 30 0      
47 40 0      38 30 0      
46 40 0      39 30 0      
45 40 0      40 30 0      
44 40 0      41 30 0      
43 40 0      42 30 0      
42 40 0      43 30 0      
41 40 0      44 30 0      
40 40 0      45 30 0      
39 40 0      46 30 0      
38 40 0      47 30 0      
37 40 0      48 30 0      
36 40 0      49 30 0      
35 40 0      0 30 0      
34 40 0      1 30 0      
33 40 0      2 30 0      
32 40 0      3 30 0      
31 40 0      4 30 0      
30 40 0      4 31 0      
29 40 0      4 32 0      
28 40 0      4 33 0      
27 40 0      5 33 0      
26 40 0      6 33 0      
25 40 0      7 33 0      
24 40 0      8 33 0      
23 40 0      9 33 0      
22 40 0      10 33 0      
21 40 0      11 33 0      
20 40 0      12 33 0      
19 40 0      13 33 0      
18 40 0      14 33 0      
17 40 0      15 33 0      
16 40 0      15 32 0      
15 40 0      15 31 0      
14 40 0      15 30 0      
13 40 0      15 29 0      
12 40 0      15 28 0      
11 40 0      15 27 0      
10 40 0      15 26 0      
9 40 0      15 25 0      
8 40 0       15 25 1      
8 40 0      15 24 0      
7 40 0      15 23 0      
6 40 0      15 22 0      
5 40 0      15 21 0      
4 40 0      15 20 0      
3 40 0      15 19 0      
2 40 0      15 18 0      
1 40 0      15 17 0      
50 40 0      15 16 0      
49 40 0      15 15 0      
48 40 0      16 15 0      
47 40 0      17 15 0      
46 40 0      18 15 0      
45 40 0      19 15 0      
44 40 0      20 15 0      
43 40 0      21 15 0      
42 40 0      22 15 0      
41 40 0      23 15 0      
40 40 0      23 16 0      
39 40 0      23 17 0      
38 40 0      23 18 0      
37 40 0      23 19 0      
36 40 0      23 20 0      
35 40 0      23 21 0      
34 40 0      23 22 0      
33 40 0      23 23 0      
32 40 0      23 24 0      
31 40 0      23 25 0      
30 40 0      23 26 0      
29 40 0      23 27 0      
28 40 0      23 28 0      
27 40 0      23 29 0      
26 40 0      23 30 0      
25 40 0      23 31 0      
24 40 0      23 32 0      
23 40 0      23 33 0      
22 40 0      23 34 0      
21 40 0      23 35 0      
20 40 0      23 36 0      
19 40 0      23 37 0      
18 40 0      23 38 0      
17 40 0      23 39 0      
16 40 0      23 40 0      
15 40 0      23 41 0      
14 40 0      23 42 0      
13 40 0      23 43 0      
12 40 0      23 44 0      
11 40 0      23 45 0      
10 40 0      23 46 0      
9 40 0      23 47 0      
8 40 0      23 48 0      
7 40 0      23 49 0      
6 40 0      23 50 0      
5 40 0      23 51 0      
4 40 0      23 52 0      
3 40 0      24 2 0      
2 40 0      25 2 0      
1 40 0      26 2 0      
50 40 0      27 2 0      
49 40 0      28 2 0      
48 40 0      29 2 0      
47 40 0      30 2 0      
46 40 0      31 2 0      
45 40 0      32 2 0      
44 40 0      33 2 0      
43 40 0      34 2 0      
42 40 0      34 3 0      
41 40 0      34 4 0      
40 40 0      33 4 0      
39 40 0      33 5 0      
38 40 0      34 5 0      
37 40 0      35 5 0      
36 40 0      36 5 0      
35 40 0      37 5 0      
34 40 0      38 5 0      
33 40 0      39 5 0      
32 40 0      40 5 0      
31 40 0      41 5 0      
30 40 0      42 5 0      
29 40 0      43 5 0      
28 40 0      44 5 0      
27 40 0      45 5 0      
26 40 0      46 5 0      
25 40 0      47 5 0      
24 40 0      48 5 0      
23 40 0      49 5 0      
22 40 0      0 5 0      
21 40 0      1 5 0      
20 40 0      2 5 0      
19 40 0      3 5 0      
18 40 0       3 5 1      
18 40 0      4 5 0      
17 40 0      5 5 0      
16 40 0      6 5 0      
15 40 0      7 5 0      
14 40 0      8 5 0      
13 40 0      9 5 0      
12 40 0       9 5 1      
12 40 0      10 5 0      
11 40 0      11 5 0      
10 40 0      12 5 0      
9 40 0      13 5 0      
8 40 0      13 4 0      
7 40 0      13 3 0      
6 40 0      13 52 0      
5 40 0      13 51 0      
4 40 0      13 50 0      
3 40 0      13 49 0      
2 40 0      13 48 0      
1 40 0      13 47 0      
50 40 0      13 46 0      
49 40 0      13 45 0      
48 40 0      14 45 0      
47 40 0      15 45 0      
46 40 0      16 45 0      
45 40 0      17 45 0      
44 40 0      18 45 0      
43 40 0      19 45 0      
42 40 0      20 45 0      
41 40 0      21 45 0      
40 40 0      22 45 0      
39 40 0      23 45 0      
38 40 0      24 45 0      
37 40 0      25 45 0      
36 40 0      26 45 0      
35 40 0      27 45 0      
34 40 0      28 45 0      
33 40 0      29 45 0      
32 40 0      30 45 0      
31 40 0      31 45 0      
30 40 0      32 45 0      
29 40 0      33 45 0      
28 40 0      34 45 0      
27 40 0      35 45 0      
26 40 0      36 45 0      
25 40 0      37 45 0      
24 40 0      38 45 0      
23 40 0      39 45 0      
22 40 0      40 45 0      
21 40 0      41 45 0      
20 40 0      42 45 0      
19 40 0      43 45 0      
18 40 0      44 45 0      
17 40 0      45 45 0      
16 40 0      46 45 0      
15 40 0      47 45 0      
14 40 0      48 45 0      
13 40 0       48 45 1      
13 40 0      49 45 0      
12 40 0      0 45 0      
11 40 0      1 45 0      
10 40 0      2 45 0      
9 40 0      3 45 0      
8 40 0      4 45 0      
7 40 0      5 45 0      
6 40 0      5 44 0      
5 40 0      5 43 0      
4 40 0      5 42 0      
3 40 0      5 41 0      
2 40 0      5 40 0      
1 40 0      5 39 0      
50 40 0      5 38 0      
49 40 0      5 37 0      
48 40 0      5 36 0      
47 40 0      5 35 0      
46 40 0      5 34 0      
45 40 0      5 33 0      
44 40 0      5 32 0      
43 40 0      5 31 0      
42 40 0      5 30 0      
41 40 0      6 30 0      
40 40 0      7 30 0      
39 40 0      8 30 0      
38 40 0      9 30 0      
37 40 0      10 30 0      
36 40 0      11 30 0      
35 40 0      12 30 0      
34 40 0      13 30 0      
33 40 0      14 30 0      
32 40 0      15 30 0      
31 40 0      16 30 0      
30 40 0      17 30 0      
29 40 0      18 30 0      
28 40 0      19 30 0      
27 40 0      20 30 0      
26 40 0      21 30 0      
25 40 0      22 30 0      
24 40 0      23 30 0      
23 40 0      24 30 0      
22 40 0      25 30 0      
21 40 0      26 30 0      
20 40 0      27 30 0      
19 40 0      28 30 0      
18 40 0      29 30 0      
17 40 0      30 30 0      
16 40 0      31 30 0      
15 40 0      32 30 0      
14 40 0      33 30 0      
13 40 0      34 30 0      
12 40 0      35 30 0      
11 40 0      36 30 0      
10 40 0      37 30 0      
9 40 0      38 30 0      
8 40 0      38 31 0      
7 40 0      38 32 0      
6 40 0      38 33 0      
5 40 0      38 34 0      
4 40 0       38 34 1      
4 40 0      38 35 0      
3 40 0      38 36 0      
2 40 0      38 37 0      
1 40 0      38 38 0      
50 40 0      38 39 0      
49 40 0      38 40 0      
48 40 0      38 41 0      
47 40 0      38 42 0      
46 40 0      38 43 0      
45 40 0      38 44 0      
44 40 0      38 45 0      
43 40 0      37 45 0      
42 40 0      36 45 0      
41 40 0      35 45 0      
40 40 0      34 45 0      
39 40 0      33 45 0      
38 40 0      32 45 0      
37 40 0      31 45 0      
36 40 0      30 45 0      
35 40 0      29 45 0      
34 40 0      28 45 0      
33 40 0      28 44 0      
32 40 0      28 43 0      
31 40 0      28 42 0      
30 40 0      28 41 0      
29 40 0      28 40 0      
28 40 0      28 39 0      
27 40 0      27 39 0      
26 40 0      26 39 0      
25 40 0      26 38 0      
24 40 0      26 37 0      
23 40 0      26 36 0      
22 40 0      26 35 0      
21 40 0      26 34 0      
20 40 0      26 33 0      
19 40 0      26 32 0      
18 40 0      26 31 0      
17 40 0      26 30 0      
16 40 0      26 29 0      
15 40 0      26 28 0      
14 40 0      26 27 0      
13 40 0      26 26 0      
12 40 0      26 25 0      
11 40 0      26 24 0      
10 40 0      26 23 0      
9 40 0      26 22 0      
8 40 0       26 22 1      
8 40 0      26 21 0      
7 40 0      27 21 0      
6 40 0      28 21 0      
5 40 0      29 21 0      
4 40 0      30 21 0      
3 40 0      31 21 0      
2 40 0      32 21 0      
1 40 0      33 21 0      
50 40 0      34 21 0      
49 40 0      35 21 0      
48 40 0      36 21 0      
47 40 0      37 21 0      
46 40 0      38 21 0      
45 40 0      39 21 0      
44 40 0      40 21 0      
43 40 0      41 21 0      
42 40 0      42 21 0      
41 40 0      43 21 0      
40 40 0      44 21 0      
39 40 0      45 21 0      
38 40 0      46 21 0      
37 40 0      47 21 0      
36 40 0      48 21 0      
35 40 0      48 20 0      
34 40 0      48 19 0      
33 40 0      48 18 0      
32 40 0      47 18 0      
31 40 0      47 17 0      
30 40 0      47 16 0      
29 40 0      47 15 0      
28 40 0      47 14 0      
27 40 0       47 14 1      
27 40 0      47 13 0      
26 40 0      47 12 0      
25 40 0      47 11 0      
24 40 0      48 11 0      
23 40 0      49 11 0      
22 40 0       49 11 1      
22 40 0      0 11 0      
21 40 0      1 11 0      
20 40 0      2 11 0      
19 40 0      3 11 0      
18 40 0      4 11 0      
17 40 0      4 10 0      
16 40 0      4 9 0      
15 40 0      4 8 0      
14 40 0      4 7 0      
13 40 0      4 6 0      
12 40 0      4 5 0      
11 40 0      4 4 0      
10 40 0      4 3 0      
9 40 0      4 52 0      
8 40 0      4 51 0      
7 40 0      3 51 0      
6 40 0      3 50 0      
5 40 0      3 49 0      
4 40 0      3 48 0      
3 40 0      3 47 0      
2 40 0      3 46 0      
1 40 0      3 45 0      
50 40 0      3 44 0      
49 40 0      4 44 0      
48 40 0      5 44 0      
47 40 0      6 44 0      
46 40 0      7 44 0      
45 40 0      8 44 0      
44 40 0      8 43 0      
43 40 0      8 42 0      
42 40 0      8 41 0      
41 40 0       8 41 1      
41 40 0      8 40 0      
40 40 0      8 39 0      
39 40 0      8 38 0      
38 40 0      8 37 0      
37 40 0      8 36 0      
36 40 0      8 35 0      
35 40 0      8 34 0      
34 40 0      8 33 0      
33 40 0      8 32 0      
32 40 0      8 31 0      
31 40 0      8 30 0      
30 40 0      8 29 0      
29 40 0      8 28 0      
28 40 0      8 27 0      
27 40 0      8 26 0      
26 40 0       8 26 1      
26 40 0      8 25 0      
25 40 0      8 24 0      
24 40 0       8 24 1      
24 40 0      8 23 0      
23 40 0      8 22 0      
22 40 0      8 21 0      
21 40 0      8 20 0      
20 40 0      8 19 0      
19 40 0      8 18 0      
18 40 0      8 17 0      
17 40 0      8 16 0      
16 40 0      8 15 0      
15 40 0      8 14 0      
14 40 0      8 13 0      
13 40 0      8 12 0      
12 40 0      8 11 0      
11 40 0      8 10 0      
10 40 0      8 9 0      
9 40 0      8 8 0      
8 40 0      8 7 0      
7 40 0      8 6 0      
6 40 0      8 5 0      
5 40 0      8 4 0      
4 40 0      8 3 0      
3 40 0      8 52 0      
2 40 0      8 51 0      
1 40 0      8 50 0      
50 40 0      8 49 0      
49 40 0      8 48 0      
48 40 0      8 47 0      
47 40 0      8 46 0      
46 40 0      8 45 0      
45 40 0      8 44 0      
44 40 0      8 43 0      
43 40 0      8 42 0      
42 40 0      8 41 0      
41 40 0      8 40 0      
40 40 0      8 39 0      
39 40 0      8 38 0      
38 40 0      8 37 0      
37 40 0      7 37 0      
36 40 0      6 37 0      
35 40 0      5 37 0      
34 40 0      4 37 0      
33 40 0      3 37 0      
32 40 0      2 37 0      
31 40 0      1 37 0      
30 40 0      0 37 0      
29 40 0      50 36 0      
28 40 0      50 35 0      
27 40 0      50 34 0      
26 40 0      50 33 0      
25 40 0      50 32 0      
24 40 0      50 31 0      
23 40 0      50 30 0      
22 40 0      50 29 0      
21 40 0      50 28 0      
20 40 0      50 27 0      
19 40 0      50 26 0      
18 40 0      50 25 0      
17 40 0      50 24 0      
16 40 0      50 23 0      
15 40 0      50 22 0      
14 40 0      50 21 0      
13 40 0      50 20 0      
12 40 0      50 19 0      
11 40 0      50 18 0      
10 40 0      50 17 0      
9 40 0      50 16 0      
8 40 0      50 15 0      
7 40 0      50 14 0      
6 40 0      51 14 0      
5 40 0      0 14 0      
4 40 0      1 14 0      
3 40 0      1 13 0      
2 40 0      1 12 0      
1 40 0      1 11 0      
50 40 0      1 10 0      
49 40 0      1 9 0      
