10 40 0      40 20 0      
9 40 0      40 21 0      
8 40 0      40 22 0      
7 40 0      40 23 0      
6 40 0      40 24 0      
5 40 0       40 24 1      
5 40 0      40 25 0      
4 40 0      41 25 0      
3 40 0      42 25 0      
2 40 0      43 25 0      
1 40 0      43 24 0      
50 40 0      43 23 0      
49 40 0      43 22 0      
48 40 0      43 21 0      
47 40 0      43 20 0      
46 40 0      43 19 0      
45 40 0      43 18 0      
44 40 0      43 17 0      
43 40 0      43 16 0      
42 40 1      43 15 0      
41 40 0      43 14 0      
40 40 0      43 13 0      
39 40 0      44 13 0      
38 40 0      45 13 0      
37 40 0      45 14 0      
36 40 0      46 14 0      
35 40 0      47 14 0      
34 40 0       47 14 1      
34 40 0      48 14 0      
33 40 0      49 14 0      
32 40 0      0 14 0      
31 40 0      0 15 0      
30 40 0      0 16 0      
29 40 0      0 17 0      
28 40 0      0 18 0      
27 40 0       0 18 1      
27 40 0      0 19 0      
26 40 0      0 20 0      
25 40 0      0 21 0      
24 40 0      0 22 0      
23 40 0      0 23 0      
22 40 0      0 24 0      
21 40 0      0 25 0      
20 40 0      0 26 0      
19 40 0      1 26 0      
18 40 0       1 26 1      
18 40 0      2 26 0      
17 40 0      3 26 0      
16 40 1      4 26 0      
15 40 0      5 26 0      
14 40 0      5 25 0      
13 40 0      5 24 0      
12 40 0      5 23 0      
11 40 0      5 22 0      
10 40 0      5 21 0      
9 40 0      5 20 0      
8 40 0      5 19 0      
7 40 0      5 18 0      
6 40 0      5 17 0      
5 40 0      5 16 0      
4 40 0      6 16 0      
3 40 0      6 15 0      
2 40 0      6 14 0      
1 40 0       6 14 1      
1 40 0      6 13 0      
50 40 0      5 13 0      
49 40 0      4 13 0      
48 40 0      3 13 0      
47 40 0      2 13 0      
46 40 0      2 14 0      
45 40 0      2 15 0      
44 40 0      2 16 0      
43 40 0      2 17 0      
42 40 0      2 18 0      
41 40 0      2 19 0      
40 40 0      2 20 0      
39 40 0      2 21 0      
38 40 0      2 22 0      
37 40 0      2 23 0      
36 40 0      2 24 0      
35 40 0      2 25 0      
34 40 0       2 25 1      
34 40 0      2 26 0      
33 40 0      2 27 0      
32 40 0      2 28 0      
31 40 0      2 29 0      
30 40 0      2 30 0      
29 40 0      2 31 0      
28 40 0      2 32 0      
27 40 0      2 33 0      
26 40 0      3 33 0      
25 40 0      4 33 0      
24 40 0      5 33 0      
23 40 0      6 33 0      
22 40 0      7 33 0      
21 40 0      8 33 0      
20 40 0      9 33 0      
19 40 0      10 33 0      
18 40 0      11 33 0      
17 40 0      11 32 0      
16 40 0      11 31 0      
15 40 0       11 31 1      
15 40 0      11 30 0      
14 40 0      12 30 0      
13 40 0      13 30 0      
12 40 0      14 30 0      
11 40 0      15 30 0      
10 40 0      16 30 0      
9 40 0      17 30 0      
8 40 0      18 30 0      
7 40 0      19 30 0      
6 40 0      19 31 0      
5 40 0      19 32 0      
4 40 0      19 33 0      
3 40 0      19 34 0      
2 40 0      19 35 0      
1 40 0      19 36 0      
0 40 0       19 36 1      
50 40 0      19 37 0      
49 40 0      19 38 0      
48 40 0      19 39 0      
47 40 0      20 39 0      
46 40 0      21 39 0      
45 40 0      22 39 0      
44 40 0      23 39 0      
43 40 0      24 39 0      
42 40 0      25 39 0      
41 40 0      26 39 0      
40 40 0      27 39 0      
39 40 0      28 39 0      
38 40 0      29 39 0      
37 40 0      30 39 0      
36 40 0      31 39 0      
35 40 0      32 39 0      
34 40 0      33 39 0      
33 40 0      33 40 0      
32 40 0      33 41 0      
31 40 0      33 42 0      
30 40 0      33 43 0      
29 40 0      33 44 0      
28 40 0      33 45 0      
27 40 0      33 46 0      
26 40 0      34 46 0      
25 40 0      35 46 0      
24 40 0      36 46 0      
23 40 0      37 46 0      
22 40 0      38 46 0      
21 40 0      39 46 0      
20 40 0      40 46 0      
19 40 0      41 46 0      
18 40 0      42 46 0      
17 40 0      43 46 0      
16 40 0      44 46 0      
15 40 0      45 46 0      
14 40 0      46 46 0      
13 40 0      47 46 0      
12 40 0      48 46 0      
11 40 0      49 46 0      
10 40 0      0 46 0      
9 40 0      1 46 0      
8 40 0      2 46 0      
7 40 0      3 46 0      
6 40 0      4 46 0      
5 40 0      5 46 0      
4 40 0      6 46 0      
3 40 0      7 46 0      
2 40 0      8 46 0      
1 40 0      9 46 0      
50 40 0      10 46 0      
49 40 0      11 46 0      
48 40 0      12 46 0      
47 40 0      13 46 0      
46 40 0       13 46 1      
46 40 0      14 46 0      
45 40 0      15 46 0      
44 40 0       15 46 1      
44 40 0      15 45 0      
43 40 0      15 44 0      
42 40 0      15 43 0      
41 40 0      15 42 0      
40 40 0      15 41 0      
39 40 0      15 40 0      
38 40 0      15 39 0      
37 40 0      15 38 0      
36 40 0      15 37 0      
35 40 0      15 36 0      
34 40 0      15 35 0      
33 40 0      15 34 0      
32 40 0      15 33 0      
31 40 0      15 32 0      
30 40 0       15 32 1      
30 40 0      15 31 0      
29 40 0      15 30 0      
28 40 0      15 29 0      
27 40 0      14 29 0      
26 40 0      13 29 0      
25 40 0      12 29 0      
24 40 0      11 29 0      
23 40 0      10 29 0      
22 40 0      9 29 0      
21 40 0      8 29 0      
20 40 0      8 28 0      
19 40 0      8 27 0      
18 40 0      8 26 0      
17 40 0      8 25 0      
16 40 0      8 24 0      
15 40 0      7 24 0      
14 40 0      6 24 0      
13 40 0      5 24 0      
12 40 0      4 24 0      
11 40 0      3 24 0      
10 40 0      2 24 0      
9 40 0      1 24 0      
8 40 0      1 23 0      
7 40 0      0 23 0      
6 40 0      49 23 0      
5 40 0      48 23 0      
4 40 0      47 23 0      
3 40 0      46 23 0      
2 40 0      45 23 0      
1 40 0      44 23 0      
50 40 0      43 23 0      
49 40 0      42 23 0      
48 40 0      41 23 0      
47 40 0      40 23 0      
46 40 0      39 23 0      
45 40 0      38 23 0      
44 40 0      37 23 0      
43 40 0      37 22 0      
42 40 0      37 21 0      
41 40 0      37 20 0      
40 40 0      37 19 0      
39 40 0      37 18 0      
38 40 0      38 18 0      
37 40 0      39 18 0      
36 40 0      40 18 0      
35 40 0      41 18 0      
34 40 0      42 18 0      
33 40 0      43 18 0      
32 40 0      44 18 0      
31 40 0      45 18 0      
30 40 0      46 18 0      
29 40 0      47 18 0      
28 40 0      48 18 0      
27 40 0      49 18 0      
26 40 0      0 18 0      
25 40 0      1 18 0      
24 40 0      2 18 0      
23 40 0      3 18 0      
22 40 0      4 18 0      
21 40 0      5 18 0      
20 40 0      6 18 0      
19 40 0      7 18 0      
18 40 0      8 18 0      
17 40 0      9 18 0      
16 40 0      10 18 0      
15 40 0      11 18 0      
14 40 0      12 18 0      
13 40 0      13 18 0      
12 40 0      14 18 0      
11 40 0      15 18 0      
10 40 0      16 18 0      
9 40 0      17 18 0      
8 40 0      18 18 0      
7 40 0      19 18 0      
6 40 0      20 18 0      
5 40 0      21 18 0      
4 40 0      22 18 0      
3 40 0      23 18 0      
2 40 0      24 18 0      
1 40 0      25 18 0      
50 40 0      26 18 0      
49 40 0      27 18 0      
48 40 0      28 18 0      
47 40 0      29 18 0      
46 40 0      29 19 0      
45 40 0      29 20 0      
44 40 0      29 21 0      
43 40 0      30 21 0      
42 40 0      31 21 0      
41 40 0      32 21 0      
40 40 0      33 21 0      
39 40 0      34 21 0      
38 40 0      35 21 0      
37 40 0      36 21 0      
36 40 0      37 21 0      
35 40 0      38 21 0      
34 40 0       38 21 1      
34 40 0      39 21 0      
33 40 0      40 21 0      
32 40 0      41 21 0      
31 40 0      42 21 0      
30 40 0      43 21 0      
29 40 0      44 21 0      
28 40 0      45 21 0      
27 40 0      46 21 0      
26 40 0      47 21 0      
25 40 0      48 21 0      
24 40 0      49 21 0      
23 40 0      0 21 0      
22 40 0      1 21 0      
21 40 0      2 21 0      
20 40 0      3 21 0      
19 40 0      4 21 0      
18 40 0      5 21 0      
17 40 0      6 21 0      
16 40 0      7 21 0      
15 40 0      8 21 0      
14 40 0      9 21 0      
13 40 0      10 21 0      
12 40 0      11 21 0      
11 40 0      12 21 0      
10 40 0      13 21 0      
9 40 0      14 21 0      
8 40 0      15 21 0      
7 40 0      16 21 0      
6 40 0      16 20 0      
5 40 0      16 19 0      
4 40 0      16 18 0      
3 40 0      16 17 0      
2 40 0      16 16 0      
1 40 0      16 15 0      
50 40 0      16 14 0      
49 40 0      16 13 0      
48 40 0      16 12 0      
47 40 0      17 12 0      
46 40 0      18 12 0      
45 40 0      19 12 0      
44 40 0      20 12 0      
43 40 0      21 12 0      
42 40 0      21 11 0      
41 40 0      22 11 0      
40 40 0      22 12 0      
39 40 0      21 12 0      
38 40 0      21 13 0      
37 40 0      21 14 0      
36 40 0      21 15 0      
35 40 0      21 16 0      
34 40 0      21 17 0      
33 40 0      20 17 0      
32 40 0      20 16 0      
31 40 0      20 15 0      
30 40 0      20 14 0      
29 40 0      20 13 0      
28 40 0      20 12 0      
27 40 0      20 11 0      
26 40 0      20 10 0      
25 40 0      20 9 0      
24 40 0      20 8 0      
23 40 0      19 8 0      
22 40 0      18 8 0      
21 40 0      17 8 0      
20 40 0      16 8 0      
19 40 0      15 8 0      
18 40 0      14 8 0      
17 40 0      13 8 0      
16 40 0      12 8 0      
15 40 0      11 8 0      
14 40 0      10 8 0      
13 40 0      9 8 0      
12 40 0      8 8 0      
11 40 0      8 9 0      
10 40 0      8 10 0      
9 40 0      8 11 0      
8 40 0      8 12 0      
7 40 0      8 13 0      
6 40 0      8 14 0      
5 40 0      8 15 0      
4 40 0      8 16 0      
3 40 0      8 17 0      
2 40 0      8 18 0      
1 40 0      8 19 0      
50 40 0      8 20 0      
49 40 0      8 21 0      
48 40 0      8 22 0      
47 40 0      8 23 0      
46 40 0      8 24 0      
45 40 0      8 25 0      
44 40 0      8 26 0      
43 40 0      8 27 0      
42 40 0      8 28 0      
41 40 0      8 29 0      
40 40 0      8 30 0      
39 40 0      8 31 0      
38 40 0      8 32 0      
37 40 0      9 32 0      
36 40 0      10 32 0      
35 40 0      11 32 0      
34 40 0      12 32 0      
33 40 0      13 32 0      
32 40 0      13 33 0      
31 40 0      13 34 0      
30 40 0      13 35 0      
29 40 0      13 36 0      
28 40 0      13 37 0      
27 40 0      13 38 0      
26 40 0      13 39 0      
25 40 0      13 40 0      
24 40 0      13 41 0      
23 40 0      13 42 0      
22 40 0      12 42 0      
21 40 0      11 42 0      
20 40 0      10 42 0      
19 40 0      9 42 0      
18 40 0      9 41 0      
17 40 0      9 40 0      
16 40 0      8 40 0      
15 40 0      7 40 0      
14 40 0      7 41 0      
13 40 0      7 42 0      
12 40 0      7 43 0      
11 40 0      7 44 0      
10 40 0      7 45 0      
9 40 0      7 46 0      
8 40 0      7 47 0      
7 40 0      7 48 0      
6 40 0      7 49 0      
5 40 0      7 50 0      
4 40 0      7 51 0      
3 40 0      7 52 0      
2 40 0      7 3 0      
1 40 0      7 4 0      
50 40 0      7 5 0      
49 40 0      8 5 0      
48 40 0      9 5 0      
47 40 0      10 5 0      
46 40 0      11 5 0      
45 40 0      11 4 0      
44 40 0      11 3 0      
43 40 0      11 52 0      
42 40 0      11 51 0      
41 40 0      11 50 0      
40 40 0      11 49 0      
39 40 0      11 48 0      
38 40 0      11 47 0      
37 40 0       11 47 1      
37 40 0      11 46 0      
36 40 0      11 45 0      
35 40 0      11 44 0      
34 40 0      11 43 0      
33 40 0      11 42 0      
32 40 0      11 41 0      
31 40 0      11 40 0      
30 40 0      11 39 0      
29 40 0       11 39 1      
29 40 0      12 39 0      
28 40 0      13 39 0      
27 40 0      14 39 0      
26 40 0       14 39 1      
26 40 0      15 39 0      
25 40 0      16 39 0      
24 40 0      17 39 0      
23 40 0      18 39 0      
22 40 0      19 39 0      
21 40 0      20 39 0      
20 40 0      21 39 0      
19 40 0      22 39 0      
18 40 0      23 39 0      
17 40 0      24 39 0      
16 40 0      25 39 0      
15 40 0      26 39 0      
14 40 0      27 39 0      
13 40 0      28 39 0      
12 40 0      29 39 0      
11 40 0      30 39 0      
10 40 0      31 39 0      
9 40 0      32 39 0      
8 40 0      33 39 0      
7 40 0      34 39 0      
6 40 0      35 39 0      
5 40 0      36 39 0      
4 40 0      37 39 0      
3 40 0      38 39 0      
2 40 0      38 40 0      
1 40 0      38 41 0      
50 40 0      38 42 0      
49 40 0       38 42 1      
49 40 0      38 43 0      
48 40 0      38 44 0      
47 40 0      38 45 0      
46 40 0      38 46 0      
45 40 0      38 47 0      
44 40 0      38 48 0      
43 40 0      38 49 0      
42 40 0      39 49 0      
41 40 0      39 48 0      
40 40 0      39 47 0      
39 40 0      39 46 0      
38 40 0      39 45 0      
37 40 0      39 44 0      
36 40 0      38 44 0      
35 40 0      37 44 0      
34 40 0      36 44 0      
33 40 0      35 44 0      
32 40 0      34 44 0      
31 40 0      33 44 0      
30 40 0      32 44 0      
29 40 0      31 44 0      
28 40 0      30 44 0      
27 40 0      29 44 0      
26 40 0      28 44 0      
25 40 0      27 44 0      
24 40 0      26 44 0      
23 40 0      25 44 0      
22 40 0      24 44 0      
21 40 0      23 44 0      
20 40 0      22 44 0      
19 40 0      21 44 0      
18 40 0      20 44 0      
17 40 0      19 44 0      
16 40 0      18 44 0      
15 40 0      17 44 0      
14 40 0      16 44 0      
13 40 0       16 44 1      
13 40 0      15 44 0      
12 40 0      14 44 0      
11 40 0      14 45 0      
10 40 0      14 46 0      
9 40 0      14 47 0      
8 40 0       14 47 1      
8 40 0      14 48 0      
7 40 0      14 49 0      
6 40 0      14 50 0      
5 40 0      14 51 0      
4 40 0      14 52 0      
3 40 0      14 3 0      
2 40 0      14 4 0      
1 40 0      14 5 0      
50 40 0      14 6 0      
49 40 0      14 7 0      
48 40 0      14 8 0      
47 40 0      14 9 0      
46 40 0      14 10 0      
45 40 0      14 11 0      
44 40 0      14 12 0      
43 40 0       14 12 1      
43 40 0      14 13 0      
42 40 0      14 14 0      
41 40 0      14 15 0      
40 40 0      14 16 0      
39 40 0      14 17 0      
38 40 0      15 17 0      
37 40 0      16 17 0      
36 40 0      17 17 0      
35 40 0      18 17 0      
34 40 0      19 17 0      
33 40 0      20 17 0      
32 40 0      21 17 0      
31 40 0      22 17 0      
30 40 0      23 17 0      
29 40 0      24 17 0      
28 40 0      25 17 0      
27 40 0      26 17 0      
26 40 0      26 18 0      
25 40 0      26 19 0      
24 40 0      26 20 0      
23 40 0      26 21 0      
22 40 0      26 22 0      
21 40 0      26 23 0      
20 40 0      25 23 0      
19 40 0       25 23 1      
19 40 0      24 23 0      
18 40 0       24 23 1      
18 40 0      23 23 0      
17 40 0      23 22 0      
16 40 0      23 21 0      
15 40 0      23 20 0      
14 40 0      23 19 0      
13 40 0      23 18 0      
12 40 0      23 17 0      
11 40 0      23 16 0      
10 40 0      23 15 0      
9 40 0      23 14 0      
8 40 0      23 13 0      
7 40 0      23 12 0      
6 40 0      23 11 0      
5 40 0      23 10 0      
4 40 0      23 9 0      
3 40 0      23 8 0      
2 40 0      22 8 0      
1 40 0      21 8 0      
50 40 0      20 8 0      
49 40 0      19 8 0      
48 40 0      18 8 0      
47 40 0      17 8 0      
46 40 0      16 8 0      
45 40 0      15 8 0      
44 40 0      14 8 0      
43 40 0      13 8 0      
42 40 0      12 8 0      
41 40 0      11 8 0      
40 40 0      10 8 0      
39 40 0      9 8 0      
38 40 0      8 8 0      
37 40 0      7 8 0      
36 40 0      6 8 0      
35 40 0      5 8 0      
34 40 0      4 8 0      
33 40 0      3 8 0      
32 40 0      2 8 0      
31 40 0      2 7 0      
30 40 0      3 7 0      
29 40 0      4 7 0      
28 40 0      5 7 0      
27 40 0      6 7 0      
26 40 0      7 7 0      
25 40 0      8 7 0      
24 40 0      9 7 0      
23 40 0       9 7 1      
23 40 0      10 7 0      
22 40 0      11 7 0      
21 40 0      12 7 0      
20 40 0      13 7 0      
19 40 0      14 7 0      
18 40 0      15 7 0      
17 40 0      16 7 0      
16 40 0      17 7 0      
15 40 0      18 7 0      
14 40 0      19 7 0      
13 40 0      20 7 0      
12 40 0      21 7 0      
11 40 0      22 7 0      
10 40 0      23 7 0      
9 40 0      24 7 0      
8 40 0      25 7 0      
7 40 0      26 7 0      
6 40 0      27 7 0      
5 40 0      28 7 0      
4 40 0      29 7 0      
3 40 0      30 7 0      
2 40 0      31 7 0      
1 40 0      32 7 0      
50 40 0      33 7 0      
49 40 0      34 7 0      
48 40 0      35 7 0      
47 40 0      36 7 0      
46 40 0      37 7 0      
45 40 0      38 7 0      
44 40 0      39 7 0      
43 40 0      40 7 0      
42 40 0      41 7 0      
41 40 0      42 7 0      
40 40 0      43 7 0      
39 40 0      43 8 0      
38 40 0      43 9 0      
37 40 0      43 10 0      
36 40 0      43 11 0      
35 40 0      43 12 0      
34 40 0      43 13 0      
33 40 0      43 14 0      
32 40 0      43 15 0      
31 40 0      43 16 0      
30 40 0      43 17 0      
29 40 0      43 18 0      
28 40 0      43 19 0      
27 40 0      43 20 0      
26 40 0      43 21 0      
25 40 0      43 22 0      
24 40 0      43 23 0      
23 40 0      43 24 0      
22 40 0      43 25 0      
21 40 0      44 25 0      
20 40 0      45 25 0      
19 40 0      46 25 0      
18 40 0      47 25 0      
17 40 0      48 25 0      
16 40 0      49 25 0      
15 40 0      0 25 0      
14 40 0      1 25 0      
13 40 0      2 25 0      
12 40 0      2 26 0      
11 40 0      2 27 0      
10 40 0      2 28 0      
9 40 0      2 29 0      
8 40 0      2 30 0      
7 40 0      2 31 0      
6 40 0      2 32 0      
5 40 0      2 33 0      
4 40 0      2 34 0      
3 40 0      2 35 0      
2 40 0      2 36 0      
1 40 0      2 37 0      
50 40 0      3 37 0      
49 40 0      4 37 0      
48 40 0      5 37 0      
47 40 0      6 37 0      
46 40 0      7 37 0      
45 40 0      8 37 0      
44 40 0      9 37 0      
43 40 0      10 37 0      
42 40 0      11 37 0      
41 40 0      12 37 0      
40 40 0      13 37 0      
39 40 0      14 37 0      
38 40 0      15 37 0      
37 40 0      16 37 0      
36 40 0      16 38 0      
35 40 0      16 39 0      
34 40 0      16 40 0      
33 40 0      16 41 0      
32 40 0      16 42 0      
31 40 0      16 43 0      
30 40 0      16 44 0      
29 40 0      16 45 0      
28 40 0      16 46 0      
27 40 0      16 47 0      
26 40 0      16 48 0      
25 40 0      16 49 0      
24 40 0      16 50 0      
23 40 0      16 51 0      
22 40 0      16 52 0      
21 40 0      16 3 0      
20 40 0      16 4 0      
19 40 0      17 4 0      
18 40 0      18 4 0      
17 40 0      19 4 0      
16 40 0      20 4 0      
15 40 0      21 4 0      
14 40 0      22 4 0      
13 40 0      23 4 0      
12 40 0      23 3 0      
11 40 0      23 52 0      
10 40 0      23 51 0      
9 40 0      24 51 0      
8 40 0      25 51 0      
7 40 0      26 51 0      
6 40 0      27 51 0      
5 40 0      28 51 0      
4 40 0      29 51 0      
3 40 0      29 50 0      
2 40 0      29 49 0      
1 40 0      29 48 0      
50 40 0      29 47 0      
49 40 0      29 46 0      
48 40 0      29 45 0      
47 40 0      29 44 0      
46 40 0      29 43 0      
45 40 0      29 42 0      
44 40 0       29 42 1      
44 40 0      29 41 0      
43 40 0      29 40 0      
42 40 0      28 40 0      
41 40 0      27 40 0      
40 40 0      26 40 0      
39 40 0      25 40 0      
38 40 0      24 40 0      
37 40 0      23 40 0      
36 40 0      22 40 0      
35 40 0      21 40 0      
34 40 0      20 40 0      
33 40 0      19 40 0      
32 40 0      18 40 0      
31 40 0      17 40 0      
30 40 0      16 40 0      
29 40 0      15 40 0      
28 40 0      14 40 0      
27 40 0      13 40 0      
26 40 0      12 40 0      
25 40 0      11 40 0      
24 40 0      10 40 0      
23 40 0      9 40 0      
22 40 0      8 40 0      
21 40 0      7 40 0      
20 40 0      7 39 0      
19 40 0      7 38 0      
18 40 0      7 37 0      
17 40 0      7 36 0      
16 40 0      7 35 0      
15 40 0      7 34 0      
14 40 0      7 33 0      
13 40 0      7 32 0      
12 40 0      7 31 0      
11 40 0      7 30 0      
10 40 0      7 29 0      
9 40 0      7 28 0      
8 40 0      7 27 0      
7 40 0      7 26 0      
6 40 0      7 25 0      
5 40 0      7 24 0      
4 40 0      7 23 0      
3 40 0      7 22 0      
2 40 0      7 21 0      
1 40 0      7 20 0      
50 40 0      7 19 0      
49 40 0      6 19 0      
48 40 0      5 19 0      
47 40 0      4 19 0      
46 40 0      3 19 0      
45 40 0      2 19 0      
44 40 0      1 19 0      
43 40 0      0 19 0      
42 40 0      49 19 0      
41 40 0      48 19 0      
40 40 0      47 19 0      
39 40 0      46 19 0      
38 40 0      45 19 0      
37 40 0      44 19 0      
36 40 0      43 19 0      
35 40 0      42 19 0      
34 40 0      41 19 0      
33 40 0      40 19 0      
32 40 0      39 19 0      
31 40 0      38 19 0      
30 40 0      37 19 0      
29 40 0      36 19 0      
28 40 0      35 19 0      
27 40 0      34 19 0      
26 40 0      34 20 0      
25 40 0      34 21 0      
24 40 0      34 22 0      
23 40 0      34 23 0      
22 40 0      34 24 0      
21 40 0      34 25 0      
20 40 0      33 25 0      
19 40 0      32 25 0      
18 40 0      31 25 0      
17 40 0      30 25 0      
16 40 0      29 25 0      
15 40 0      28 25 0      
14 40 0      27 25 0      
13 40 0      26 25 0      
12 40 0      25 25 0      
11 40 0      24 25 0      
10 40 0      23 25 0      
9 40 0      23 26 0      
8 40 0      23 27 0      
7 40 0      23 28 0      
6 40 0      23 29 0      
5 40 0      23 30 0      
4 40 0      23 31 0      
3 40 0      23 32 0      
2 40 0      23 33 0      
1 40 0      23 34 0      
50 40 0      23 35 0      
49 40 0      23 36 0      
48 40 0      23 37 0      
47 40 0      22 37 0      
46 40 0      21 37 0      
45 40 0      20 37 0      
44 40 0      20 38 0      
43 40 0      20 39 0      
42 40 0      20 40 0      
41 40 0      21 40 0      
40 40 0      22 40 0      
39 40 0      23 40 0      
38 40 0      24 40 0      
37 40 0      24 41 0      
36 40 0      24 42 0      
35 40 0      23 42 0      
34 40 0      22 42 0      
33 40 0      21 42 0      
32 40 0      20 42 0      
31 40 0      19 42 0      
30 40 0      19 41 0      
29 40 0      19 40 0      
28 40 0      19 39 0      
27 40 0      19 38 0      
26 40 0      19 37 0      
25 40 0      19 36 0      
24 40 0      19 35 0      
23 40 0      19 34 0      
22 40 0      19 33 0      
21 40 0      19 32 0      
20 40 0      19 31 0      
19 40 0      19 30 0      
18 40 0      19 29 0      
17 40 0      19 28 0      
16 40 0      19 27 0      
15 40 0      19 26 0      
14 40 0      19 25 0      
13 40 0      19 24 0      
12 40 0      19 23 0      
11 40 0      20 23 0      
10 40 0      21 23 0      
9 40 0      22 23 0      
8 40 0      23 23 0      
7 40 0      24 23 0      
6 40 0      25 23 0      
5 40 0      26 23 0      
4 40 0      27 23 0      
3 40 0      28 23 0      
2 40 0      29 23 0      
1 40 0      30 23 0      
50 40 0      31 23 0      
49 40 0      32 23 0      
48 40 0      33 23 0      
47 40 0      34 23 0      
46 40 0      35 23 0      
45 40 0      36 23 0      
44 40 0       36 23 1      
44 40 0      37 23 0      
43 40 0      38 23 0      
42 40 0      39 23 0      
41 40 0      39 24 0      
40 40 0      39 25 0      
39 40 0      39 26 0      
38 40 0      39 27 0      
37 40 0      39 28 0      
36 40 0      39 29 0      
35 40 0      39 30 0      
34 40 0      39 31 0      
33 40 0      39 32 0      
32 40 0      39 33 0      
31 40 0      39 34 0      
30 40 0       39 34 1      
30 40 0      39 35 0      
29 40 0       39 35 1      
29 40 0      39 36 0      
28 40 0      39 37 0      
27 40 0      39 38 0      
26 40 0      39 39 0      
25 40 0      39 40 0      
24 40 0      39 41 0      
23 40 0      39 42 0      
22 40 0      39 43 0      
21 40 0      39 44 0      
20 40 0      39 45 0      
19 40 0      39 46 0      
18 40 0      39 47 0      
17 40 0      40 47 0      
16 40 0      41 47 0      
15 40 0      42 47 0      
14 40 0       42 47 1      
14 40 0      43 47 0      
13 40 0      44 47 0      
12 40 0      45 47 0      
11 40 0      46 47 0      
10 40 0      47 47 0      
9 40 0      48 47 0      
8 40 0      49 47 0      
7 40 0      0 47 0      
6 40 0      1 47 0      
5 40 0      2 47 0      
4 40 0      3 47 0      
3 40 0      4 47 0      
2 40 0      5 47 0      
1 40 0      6 47 0      
50 40 0      7 47 0      
49 40 0      8 47 0      
48 40 0      9 47 0      
47 40 0      10 47 0      
46 40 0      11 47 0      
45 40 0      12 47 0      
44 40 0      13 47 0      
43 40 0      14 47 0      
42 40 0      15 47 0      
41 40 0      16 47 0      
40 40 0      17 47 0      
39 40 0      18 47 0      
38 40 0      19 47 0      
37 40 0      20 47 0      
36 40 0      21 47 0      
35 40 0      22 47 0      
34 40 0      23 47 0      
33 40 0      24 47 0      
32 40 0      25 47 0      
31 40 0      26 47 0      
30 40 0      27 47 0      
29 40 0      28 47 0      
28 40 0      28 48 0      
27 40 0      28 49 0      
26 40 0      28 50 0      
25 40 0      28 51 0      
24 40 0      28 52 0      
23 40 0      28 3 0      
22 40 0      28 4 0      
21 40 0      28 5 0      
20 40 0      28 6 0      
19 40 0      28 7 0      
18 40 0      28 8 0      
17 40 0      28 9 0      
16 40 0      28 10 0      
15 40 0      28 11 0      
14 40 0      28 12 0      
13 40 0      27 12 0      
12 40 0      26 12 0      
11 40 0      25 12 0      
10 40 0      24 12 0      
9 40 0      23 12 0      
8 40 0      22 12 0      
7 40 0      21 12 0      
6 40 0      20 12 0      
