10 40 0      40 20 0      
9 40 0      39 20 0      
8 40 0      39 21 0      
7 40 0      39 22 0      
6 40 0      40 22 0      
5 40 0      41 22 0      
4 40 0      42 22 0      
3 40 0      42 21 0      
2 40 0      42 20 0      
1 40 0      42 19 0      
50 40 0      42 18 0      
49 40 0       42 18 1      
49 40 0      42 17 0      
48 40 0      43 17 0      
47 40 0      44 17 0      
46 40 0      45 17 0      
45 40 0      46 17 0      
44 40 0      47 17 0      
43 40 0      48 17 0      
42 40 0      49 17 0      
41 40 0      0 17 0      
40 40 0      1 17 0      
39 40 0      2 17 0      
38 40 0      3 17 0      
37 40 0      4 17 0      
36 40 0      5 17 0      
35 40 0      6 17 0      
34 40 0      6 18 0      
33 40 0      6 19 0      
32 40 0      6 20 0      
31 40 0      6 21 0      
30 40 0      6 22 0      
29 40 0      6 23 0      
28 40 0      6 24 0      
27 40 0      6 25 0      
26 40 0      6 26 0      
25 40 0      7 26 0      
24 40 0      7 27 0      
23 40 0      7 28 0      
22 40 0      7 29 0      
21 40 0      7 30 0      
20 40 0      7 31 0      
19 40 0      7 32 0      
18 40 0      7 33 0      
17 40 0      7 34 0      
16 40 0      7 35 0      
15 40 0      7 36 0      
14 40 0      7 37 0      
13 40 0      7 38 0      
12 40 0      7 39 0      
11 40 0      7 40 0      
10 40 0      7 41 0      
9 40 0      7 42 0      
8 40 0      7 43 0      
7 40 0      7 44 0      
6 40 0      7 45 0      
5 40 0      7 46 0      
4 40 0      7 47 0      
3 40 0      7 48 0      
2 40 0      7 49 0      
1 40 0      7 50 0      
50 40 0      7 51 0      
49 40 0      7 52 0      
48 40 0      7 3 0      
47 40 0      7 4 0      
46 40 0      7 5 0      
45 40 0      7 6 0      
44 40 0      7 7 0      
43 40 0      7 8 0      
42 40 0      7 9 0      
41 40 0      7 10 0      
40 40 0      7 11 0      
39 40 0      7 12 0      
38 40 0      7 13 0      
37 40 0      7 14 0      
36 40 0      7 15 0      
35 40 0      7 16 0      
34 40 0      7 17 0      
33 40 0      7 18 0      
32 40 0      7 19 0      
31 40 0      7 20 0      
30 40 0      7 21 0      
29 40 0      7 22 0      
28 40 0      7 23 0      
27 40 0      7 24 0      
26 40 0      7 25 0      
25 40 0      7 26 0      
24 40 0      7 27 0      
23 40 0      8 27 0      
22 40 0      9 27 0      
21 40 0      10 27 0      
20 40 0      11 27 0      
19 40 0      12 27 0      
18 40 0      13 27 0      
17 40 0      14 27 0      
16 40 0      15 27 0      
15 40 0      16 27 0      
14 40 0       16 27 1      
14 40 0      17 27 0      
13 40 0      18 27 0      
12 40 0      18 28 0      
11 40 0      18 29 0      
10 40 0       18 29 1      
10 40 0      18 30 0      
9 40 0      17 30 0      
8 40 0      16 30 0      
7 40 0      15 30 0      
6 40 0      14 30 0      
5 40 0      13 30 0      
4 40 0      12 30 0      
3 40 0      11 30 0      
2 40 0      10 30 0      
1 40 0      9 30 0      
50 40 0      8 30 0      
49 40 0      7 30 0      
48 40 0      6 30 0      
47 40 0      5 30 0      
46 40 0      5 31 0      
45 40 0      5 32 0      
44 40 0      5 33 0      
43 40 0      5 34 0      
42 40 0      5 35 0      
41 40 0      5 36 0      
40 40 0      5 37 0      
39 40 0      5 38 0      
38 40 0      5 39 0      
37 40 0      5 40 0      
36 40 0      5 41 0      
35 40 0      5 42 0      
34 40 0      4 42 0      
33 40 0      3 42 0      
32 40 0      2 42 0      
31 40 0      1 42 0      
30 40 0      0 42 0      
29 40 0      49 42 0      
28 40 0      48 42 0      
27 40 0      48 41 0      
26 40 0      48 40 0      
25 40 0      48 39 0      
24 40 0      48 38 0      
23 40 0      48 37 0      
22 40 0      48 36 0      
21 40 0      48 35 0      
20 40 0      48 34 0      
19 40 0      48 33 0      
18 40 0      48 32 0      
17 40 0      48 31 0      
16 40 0      48 30 0      
15 40 0      48 29 0      
14 40 0      48 28 0      
13 40 0      48 27 0      
12 40 0      48 26 0      
11 40 0      47 26 0      
10 40 0      46 26 0      
9 40 0      45 26 0      
8 40 0      45 27 0      
7 40 0      45 28 0      
6 40 0      45 29 0      
5 40 0       45 29 1      
5 40 0      45 30 0      
4 40 0      45 31 0      
3 40 0      45 32 0      
2 40 0      44 32 0      
1 40 0      43 32 0      
50 40 0      43 33 0      
49 40 0      43 34 0      
48 40 0       43 34 1      
48 40 0      43 35 0      
47 40 0      43 36 0      
46 40 0      43 37 0      
45 40 0      43 38 0      
44 40 0      42 38 0      
43 40 0      41 38 0      
42 40 0      40 38 0      
41 40 0      39 38 0      
40 40 0      38 38 0      
39 40 0      37 38 0      
38 40 0      36 38 0      
37 40 0      35 38 0      
36 40 0      34 38 0      
35 40 0      33 38 0      
34 40 0      32 38 0      
33 40 0      31 38 0      
32 40 0      30 38 0      
31 40 0      29 38 0      
30 40 0      28 38 0      
29 40 0      27 38 0      
28 40 0      26 38 0      
27 40 0      25 38 0      
26 40 0      24 38 0      
25 40 0      24 39 0      
24 40 0      24 40 0      
23 40 0      24 41 0      
22 40 0      24 42 0      
21 40 0      24 43 0      
20 40 0      24 44 0      
19 40 0      24 45 0      
18 40 0      24 46 0      
17 40 0      24 47 0      
16 40 0      24 48 0      
15 40 0      24 49 0      
14 40 0      24 50 0      
13 40 0      24 51 0      
12 40 0      24 52 0      
11 40 0      23 2 0      
10 40 0      22 2 0      
9 40 0      21 2 0      
8 40 0      20 2 0      
7 40 0      20 3 0      
6 40 0      20 4 0      
5 40 0      20 5 0      
4 40 0      20 6 0      
3 40 0      20 7 0      
2 40 0      19 7 0      
1 40 0      18 7 0      
50 40 0      17 7 0      
49 40 0      17 8 0      
48 40 0      17 9 0      
47 40 0      17 10 0      
46 40 0      17 11 0      
45 40 0      17 12 0      
44 40 0      17 13 0      
43 40 0      17 14 0      
42 40 0      17 15 0      
41 40 0      17 16 0      
40 40 0      17 17 0      
39 40 0      17 18 0      
38 40 0      17 19 0      
37 40 0      17 20 0      
36 40 0      18 20 0      
35 40 0      19 20 0      
34 40 0      20 20 0      
33 40 0      20 21 0      
32 40 0      20 22 0      
31 40 0      20 23 0      
30 40 0       20 23 1      
30 40 0      20 24 0      
29 40 0      20 25 0      
28 40 0      20 26 0      
27 40 0      20 27 0      
26 40 0      20 28 0      
25 40 0      20 29 0      
24 40 0      20 30 0      
23 40 0      20 31 0      
22 40 0      20 32 0      
21 40 0      20 33 0      
20 40 0      20 34 0      
19 40 0      19 34 0      
18 40 0      18 34 0      
17 40 0      17 34 0      
16 40 0      16 34 0      
15 40 0      15 34 0      
14 40 0      14 34 0      
13 40 0      13 34 0      
12 40 0      12 34 0      
11 40 0      11 34 0      
10 40 0       11 34 1      
10 40 0      10 34 0      
9 40 0      9 34 0      
8 40 0      9 35 0      
7 40 0      9 36 0      
6 40 0      9 37 0      
5 40 0      9 38 0      
4 40 0      9 39 0      
3 40 0      9 40 0      
2 40 0      9 41 0      
1 40 0      9 42 0      
50 40 0      9 43 0      
49 40 0      9 44 0      
48 40 0       9 44 1      
48 40 0      9 45 0      
47 40 0      9 46 0      
46 40 0      8 46 0      
45 40 0      7 46 0      
44 40 0      6 46 0      
43 40 0      5 46 0      
42 40 0      4 46 0      
41 40 0      3 46 0      
40 40 0      2 46 0      
39 40 0      1 46 0      
38 40 0      0 46 0      
37 40 0      49 46 0      
36 40 0      48 46 0      
35 40 0      47 46 0      
34 40 0       47 46 1      
34 40 0      46 46 0      
33 40 0      45 46 0      
32 40 0      44 46 0      
31 40 0      43 46 0      
30 40 0      42 46 0      
29 40 0      41 46 0      
28 40 0      40 46 0      
27 40 0      39 46 0      
26 40 0      38 46 0      
25 40 0      37 46 0      
24 40 0      36 46 0      
23 40 0      36 47 0      
22 40 0      36 48 0      
21 40 0      36 49 0      
20 40 0      37 49 0      
19 40 0      38 49 0      
18 40 0      39 49 0      
17 40 0      39 50 0      
16 40 0      38 50 0      
15 40 0      37 50 0      
14 40 0      36 50 0      
13 40 0      35 50 0      
12 40 0      34 50 0      
11 40 0      33 50 0      
10 40 0       33 50 1      
10 40 0      32 50 0      
9 40 0      31 50 0      
8 40 0      30 50 0      
7 40 0      30 49 0      
6 40 0      31 49 0      
5 40 0      32 49 0      
4 40 0      33 49 0      
3 40 0      34 49 0      
2 40 0      35 49 0      
1 40 0       35 49 1      
1 40 0      36 49 0      
50 40 0      36 50 0      
49 40 0      36 51 0      
48 40 0      36 52 0      
47 40 0      36 3 0      
46 40 0      36 4 0      
45 40 0      36 5 0      
44 40 0      36 6 0      
43 40 0       36 6 1      
43 40 0      36 7 0      
42 40 0      36 8 0      
41 40 0      36 9 0      
40 40 0      36 10 0      
39 40 0      36 11 0      
38 40 0      36 12 0      
37 40 0      36 13 0      
36 40 0      36 14 0      
35 40 0      36 15 0      
34 40 0      36 16 0      
33 40 0      36 17 0      
32 40 0      37 17 0      
31 40 0      38 17 0      
30 40 0      39 17 0      
29 40 0      40 17 0      
28 40 0      40 18 0      
27 40 0      40 19 0      
26 40 0      41 19 0      
25 40 0      42 19 0      
24 40 0      43 19 0      
23 40 0      44 19 0      
22 40 0      45 19 0      
21 40 0      46 19 0      
20 40 0      47 19 0      
19 40 0      48 19 0      
18 40 0      49 19 0      
17 40 0      0 19 0      
16 40 0      1 19 0      
15 40 0      2 19 0      
14 40 0      3 19 0      
13 40 0      4 19 0      
12 40 0      5 19 0      
11 40 0      6 19 0      
10 40 0      7 19 0      
9 40 0      8 19 0      
8 40 0      9 19 0      
7 40 0       9 19 1      
7 40 0      9 18 0      
6 40 0      9 17 0      
5 40 0       9 17 1      
5 40 0      9 16 0      
4 40 0      9 15 0      
3 40 0      9 14 0      
2 40 0      9 13 0      
1 40 0      9 12 0      
50 40 0      9 11 0      
49 40 0      9 10 0      
48 40 0      9 9 0      
47 40 0       9 9 1      
47 40 0      9 8 0      
46 40 0      9 7 0      
45 40 0      9 6 0      
44 40 0      9 5 0      
43 40 0      9 4 0      
42 40 0      9 3 0      
41 40 0      9 52 0      
40 40 0      9 51 0      
39 40 0      9 50 0      
38 40 0      10 50 0      
37 40 0      11 50 0      
36 40 0      12 50 0      
35 40 0      13 50 0      
34 40 0      14 50 0      
33 40 0      15 50 0      
32 40 0      16 50 0      
31 40 0      17 50 0      
30 40 0      18 50 0      
29 40 0      19 50 0      
28 40 0      20 50 0      
27 40 0      21 50 0      
26 40 0      21 51 0      
25 40 0      21 52 0      
24 40 0      21 3 0      
23 40 0      21 4 0      
22 40 0      21 5 0      
21 40 0      21 6 0      
20 40 0      21 7 0      
19 40 0      21 8 0      
18 40 0      21 9 0      
17 40 0      21 10 0      
16 40 0      21 11 0      
15 40 0      21 12 0      
14 40 0      21 13 0      
13 40 0      21 14 0      
12 40 0      21 15 0      
11 40 0      21 16 0      
10 40 0      21 17 0      
9 40 0      22 17 0      
8 40 0      23 17 0      
7 40 0      24 17 0      
6 40 0      25 17 0      
5 40 0      26 17 0      
4 40 0      27 17 0      
3 40 0      28 17 0      
2 40 0      29 17 0      
1 40 0      30 17 0      
50 40 0      31 17 0      
49 40 0      32 17 0      
48 40 0      33 17 0      
47 40 0      33 18 0      
46 40 0      33 19 0      
45 40 0      33 20 0      
44 40 0      33 21 0      
43 40 0      33 22 0      
42 40 0      33 23 0      
41 40 0      33 24 0      
40 40 0      33 25 0      
39 40 0       33 25 1      
39 40 0      33 26 0      
38 40 0      33 27 0      
37 40 0      33 28 0      
36 40 0      33 29 0      
35 40 0      33 30 0      
34 40 0      33 31 0      
33 40 0      33 32 0      
32 40 0      33 33 0      
31 40 0      33 34 0      
30 40 0      33 35 0      
29 40 0      32 35 0      
28 40 0      31 35 0      
27 40 0      30 35 0      
26 40 0      29 35 0      
25 40 0      28 35 0      
24 40 0      27 35 0      
23 40 0      26 35 0      
22 40 0      25 35 0      
21 40 0      24 35 0      
20 40 0      23 35 0      
19 40 0      22 35 0      
18 40 0      21 35 0      
17 40 0      20 35 0      
16 40 0      19 35 0      
15 40 0      18 35 0      
14 40 0      18 36 0      
13 40 0      18 37 0      
12 40 0      18 38 0      
11 40 0      18 39 0      
10 40 0       18 39 1      
10 40 0      18 40 0      
9 40 0      18 41 0      
8 40 0      18 42 0      
7 40 0      18 43 0      
6 40 0      18 44 0      
5 40 0      18 45 0      
4 40 0      18 46 0      
3 40 0      18 47 0      
2 40 0      18 48 0      
1 40 0      18 49 0      
50 40 0      19 49 0      
49 40 0      20 49 0      
48 40 0      21 49 0      
47 40 0      22 49 0      
46 40 0      22 50 0      
45 40 0      22 51 0      
44 40 0      22 52 0      
43 40 0      22 3 0      
42 40 0      22 4 0      
41 40 0       22 4 1      
41 40 0      22 5 0      
40 40 0      22 6 0      
39 40 0      23 6 0      
38 40 0      23 5 0      
37 40 0      23 4 0      
36 40 0      23 3 0      
35 40 0      23 52 0      
34 40 0      23 51 0      
33 40 0      23 50 0      
32 40 0      23 49 0      
31 40 0      23 48 0      
30 40 0      23 47 0      
29 40 0      23 46 0      
28 40 0      23 45 0      
27 40 0      23 44 0      
26 40 0      23 43 0      
25 40 0      23 42 0      
24 40 0      23 41 0      
23 40 0      23 40 0      
22 40 0      23 39 0      
21 40 0      23 38 0      
20 40 0      23 37 0      
19 40 0      23 36 0      
18 40 0      23 35 0      
17 40 0      23 34 0      
16 40 0      23 33 0      
15 40 0      23 32 0      
14 40 0      23 31 0      
13 40 0      23 30 0      
12 40 0      23 29 0      
11 40 0      23 28 0      
10 40 0      23 27 0      
9 40 0      22 27 0      
8 40 0      21 27 0      
7 40 0      20 27 0      
6 40 0      19 27 0      
5 40 0      18 27 0      
4 40 0      17 27 0      
3 40 0      16 27 0      
2 40 0      15 27 0      
1 40 0      14 27 0      
50 40 0      13 27 0      
49 40 0      13 26 0      
48 40 0      13 25 0      
47 40 0      13 24 0      
46 40 0      13 23 0      
45 40 0      13 22 0      
44 40 0      13 21 0      
43 40 0      12 21 0      
42 40 0      11 21 0      
41 40 0      10 21 0      
40 40 0      9 21 0      
39 40 0      8 21 0      
38 40 0      7 21 0      
37 40 0      6 21 0      
36 40 0      5 21 0      
35 40 0      4 21 0      
34 40 0      3 21 0      
33 40 0      2 21 0      
32 40 0      1 21 0      
31 40 0       1 21 1      
31 40 0      0 21 0      
30 40 0      49 21 0      
29 40 0      48 21 0      
28 40 0      47 21 0      
27 40 0      46 21 0      
26 40 0      45 21 0      
25 40 0      44 21 0      
24 40 0      44 22 0      
23 40 0      44 23 0      
22 40 0      44 24 0      
21 40 0       44 24 1      
21 40 0      44 25 0      
20 40 0      44 26 0      
19 40 0      44 27 0      
18 40 0      44 28 0      
17 40 0      44 29 0      
16 40 0      44 30 0      
15 40 0       44 30 1      
15 40 0      44 31 0      
14 40 0       44 31 1      
14 40 0      44 32 0      
13 40 0      44 33 0      
12 40 0      44 34 0      
11 40 0       44 34 1      
11 40 0      44 35 0      
10 40 0      44 36 0      
9 40 0      44 37 0      
8 40 0      44 38 0      
7 40 0      44 39 0      
6 40 0      44 40 0      
5 40 0      44 41 0      
4 40 0      44 42 0      
3 40 0      44 43 0      
2 40 0      44 44 0      
1 40 0      44 45 0      
50 40 0      44 46 0      
49 40 0      44 47 0      
48 40 0      44 48 0      
47 40 0      45 48 0      
46 40 0      46 48 0      
45 40 0       46 48 1      
45 40 0      47 48 0      
44 40 0      48 48 0      
43 40 0      49 48 0      
42 40 0       49 48 1      
42 40 0      0 48 0      
41 40 0      1 48 0      
40 40 0      2 48 0      
39 40 0      3 48 0      
38 40 0      4 48 0      
37 40 0       4 48 1      
37 40 0      4 49 0      
36 40 0      4 50 0      
35 40 0      4 51 0      
34 40 0      4 52 0      
33 40 0      4 3 0      
32 40 0      4 4 0      
31 40 0      4 5 0      
30 40 0      4 6 0      
29 40 0      4 7 0      
28 40 0      4 8 0      
27 40 0      4 9 0      
26 40 0      4 10 0      
25 40 0       4 10 1      
25 40 0      4 11 0      
24 40 0      4 12 0      
23 40 0      4 13 0      
22 40 0      4 14 0      
21 40 0       4 14 1      
21 40 0      4 15 0      
20 40 0      4 16 0      
19 40 0      3 16 0      
18 40 0      3 17 0      
17 40 0      3 18 0      
16 40 0      3 19 0      
15 40 0      3 20 0      
14 40 0      3 21 0      
13 40 0      3 22 0      
12 40 0      4 22 0      
11 40 0      4 23 0      
10 40 0      4 24 0      
9 40 0      4 25 0      
8 40 0      4 26 0      
7 40 0      4 27 0      
6 40 0      4 28 0      
5 40 0      4 29 0      
4 40 0      4 30 0      
3 40 0      4 31 0      
2 40 0      4 32 0      
1 40 0      4 33 0      
50 40 0      4 34 0      
49 40 0      4 35 0      
48 40 0      4 36 0      
47 40 0      4 37 0      
46 40 0      4 38 0      
45 40 0      4 39 0      
44 40 0      4 40 0      
43 40 0      4 41 0      
42 40 0      4 42 0      
41 40 0      4 43 0      
40 40 0      4 44 0      
39 40 0      4 45 0      
38 40 0      4 46 0      
37 40 0      5 46 0      
36 40 0      6 46 0      
35 40 0      7 46 0      
34 40 0      8 46 0      
33 40 0      9 46 0      
32 40 0      10 46 0      
31 40 0      11 46 0      
30 40 0      12 46 0      
29 40 0      13 46 0      
28 40 0      14 46 0      
27 40 0      15 46 0      
26 40 0      16 46 0      
25 40 0      17 46 0      
24 40 0      18 46 0      
23 40 0      19 46 0      
22 40 0      20 46 0      
21 40 0      21 46 0      
20 40 0       21 46 1      
20 40 0      22 46 0      
19 40 0      22 47 0      
18 40 0      22 48 0      
17 40 0      22 49 0      
16 40 0      22 50 0      
15 40 0      22 51 0      
14 40 0      22 52 0      
13 40 0      22 3 0      
12 40 0      23 3 0      
11 40 0      24 3 0      
10 40 0      25 3 0      
9 40 0      26 3 0      
8 40 0      27 3 0      
7 40 0      28 3 0      
6 40 0      29 3 0      
5 40 0      30 3 0      
4 40 0      31 3 0      
3 40 0      32 3 0      
2 40 0      33 3 0      
1 40 0      33 4 0      
50 40 0      33 5 0      
49 40 0      33 6 0      
48 40 0      33 7 0      
47 40 0      33 8 0      
46 40 0      33 9 0      
45 40 0      33 10 0      
44 40 0      33 11 0      
43 40 0      33 12 0      
42 40 0      33 13 0      
41 40 0      33 14 0      
40 40 0      33 15 0      
39 40 0      33 16 0      
38 40 0      33 17 0      
37 40 0      33 18 0      
36 40 0      32 18 0      
35 40 0      31 18 0      
34 40 0      30 18 0      
33 40 0      29 18 0      
32 40 0      29 17 0      
31 40 0      29 16 0      
30 40 0      29 15 0      
29 40 0      29 14 0      
28 40 0      29 13 0      
27 40 0      29 12 0      
26 40 0      29 11 0      
25 40 0      29 10 0      
24 40 0      29 9 0      
23 40 0      29 8 0      
22 40 0      29 7 0      
21 40 0      29 6 0      
20 40 0      29 5 0      
19 40 0      29 4 0      
18 40 0      29 3 0      
17 40 0      29 52 0      
16 40 0      29 51 0      
15 40 0      29 50 0      
14 40 0      29 49 0      
13 40 0      29 48 0      
12 40 0      29 47 0      
11 40 0      29 46 0      
10 40 0      29 45 0      
9 40 0      29 44 0      
8 40 0      29 43 0      
7 40 0       29 43 1      
7 40 0      28 43 0      
6 40 0      27 43 0      
5 40 0      26 43 0      
4 40 0      25 43 0      
3 40 0      24 43 0      
2 40 0      23 43 0      
1 40 0      22 43 0      
0 40 0       22 43 1      
50 40 0      21 43 0      
49 40 0      21 44 0      
48 40 0      21 45 0      
47 40 0      21 46 0      
46 40 0      21 47 0      
45 40 0      20 47 0      
44 40 0      19 47 0      
43 40 0      18 47 0      
42 40 0      17 47 0      
41 40 0      16 47 0      
40 40 0      15 47 0      
39 40 0      14 47 0      
38 40 0      13 47 0      
37 40 0      12 47 0      
36 40 0      11 47 0      
35 40 0      10 47 0      
34 40 0      9 47 0      
33 40 0      8 47 0      
32 40 0      7 47 0      
31 40 0      6 47 0      
30 40 0      5 47 0      
29 40 0      4 47 0      
28 40 0      3 47 0      
27 40 0      3 48 0      
26 40 0      2 48 0      
25 40 0      1 48 0      
24 40 0      0 48 0      
23 40 0      49 48 0      
22 40 0      48 48 0      
21 40 0      48 49 0      
20 40 0      48 50 0      
19 40 0      48 51 0      
18 40 0      48 52 0      
17 40 0      48 3 0      
16 40 0      48 4 0      
15 40 0      48 5 0      
14 40 0       48 5 1      
14 40 0      48 6 0      
13 40 0      48 7 0      
12 40 0      48 8 0      
11 40 0      48 9 0      
10 40 0      48 10 0      
9 40 0      48 11 0      
8 40 0      48 12 0      
7 40 0      48 13 0      
6 40 0      48 14 0      
5 40 0      48 15 0      
4 40 0      48 16 0      
3 40 0       48 16 1      
3 40 0      47 16 0      
2 40 0      46 16 0      
1 40 0      45 16 0      
50 40 0      44 16 0      
49 40 0      43 16 0      
48 40 0      42 16 0      
47 40 0      41 16 0      
46 40 0      41 15 0      
45 40 0      41 14 0      
44 40 0      41 13 0      
43 40 0      42 13 0      
42 40 0      43 13 0      
41 40 0      44 13 0      
40 40 0      45 13 0      
39 40 0      46 13 0      
38 40 0      47 13 0      
37 40 0      48 13 0      
36 40 0      49 13 0      
35 40 0      0 13 0      
34 40 0      0 12 0      
33 40 0      0 11 0      
32 40 0      1 11 0      
31 40 0      2 11 0      
30 40 0      3 11 0      
29 40 0      4 11 0      
28 40 0      5 11 0      
27 40 0      6 11 0      
26 40 0      6 12 0      
25 40 0      6 13 0      
24 40 0      6 14 0      
23 40 0      6 15 0      
22 40 0      6 16 0      
21 40 0      6 17 0      
20 40 0      6 18 0      
19 40 0      6 19 0      
18 40 0      6 20 0      
17 40 0      6 21 0      
16 40 0      6 22 0      
15 40 0      6 23 0      
14 40 0      6 24 0      
13 40 0      6 25 0      
12 40 0      6 26 0      
11 40 0      6 27 0      
10 40 0      6 28 0      
9 40 0      6 29 0      
8 40 0      6 30 0      
7 40 0      6 31 0      
6 40 0      5 31 0      
5 40 0      4 31 0      
4 40 0      3 31 0      
3 40 0      3 32 0      
2 40 0      3 33 0      
1 40 0      3 34 0      
50 40 0      2 34 0      
49 40 0      1 34 0      
48 40 0      0 34 0      
47 40 0      49 34 0      
46 40 0      48 34 0      
45 40 0      47 34 0      
44 40 0      47 33 0      
43 40 0      47 32 0      
42 40 0      47 31 0      
41 40 0      47 30 0      
40 40 0      47 29 0      
39 40 0      47 28 0      
38 40 0      47 27 0      
37 40 0      47 26 0      
36 40 0      47 25 0      
35 40 0      47 24 0      
34 40 0      47 23 0      
33 40 0      47 22 0      
32 40 0      47 21 0      
31 40 0      47 20 0      
30 40 0      47 19 0      
29 40 0      47 18 0      
28 40 0      48 18 0      
27 40 0      49 18 0      
26 40 0      0 18 0      
25 40 0      1 18 0      
24 40 0      2 18 0      
23 40 0      3 18 0      
22 40 0      4 18 0      
21 40 0      5 18 0      
20 40 0       5 18 1      
20 40 0      6 18 0      
19 40 0      7 18 0      
18 40 0      8 18 0      
17 40 0      9 18 0      
16 40 0      10 18 0      
15 40 0      11 18 0      
14 40 0      12 18 0      
13 40 0      13 18 0      
12 40 0      14 18 0      
11 40 0      15 18 0      
10 40 0      16 18 0      
9 40 0      17 18 0      
8 40 0      18 18 0      
7 40 0      19 18 0      
6 40 0      20 18 0      
5 40 0      21 18 0      
4 40 0      22 18 0      
3 40 0      23 18 0      
2 40 0      24 18 0      
1 40 0      25 18 0      
50 40 0      26 18 0      
49 40 0      27 18 0      
48 40 0      28 18 0      
47 40 0      29 18 0      
46 40 0      30 18 0      
45 40 0      31 18 0      
44 40 0      32 18 0      
43 40 0      32 19 0      
42 40 0      32 20 0      
41 40 0      32 21 0      
40 40 0      32 22 0      
39 40 0      32 23 0      
38 40 0      33 23 0      
37 40 0      34 23 0      
36 40 0      35 23 0      
35 40 0      36 23 0      
34 40 0      37 23 0      
33 40 0      38 23 0      
32 40 0      38 24 0      
31 40 0      38 25 0      
30 40 0      38 26 0      
29 40 0      38 27 0      
28 40 0      38 28 0      
27 40 0      38 29 0      
26 40 0      38 30 0      
25 40 0      38 31 0      
24 40 0      38 32 0      
23 40 0      38 33 0      
22 40 0      38 34 0      
21 40 0      38 35 0      
20 40 0      38 36 0      
19 40 0      38 37 0      
18 40 0      38 38 0      
17 40 0      38 39 0      
16 40 0      38 40 0      
15 40 0      38 41 0      
14 40 0       38 41 1      
14 40 0      38 42 0      
13 40 0      38 43 0      
12 40 0      38 44 0      
11 40 0      38 45 0      
10 40 0      37 45 0      
9 40 0      36 45 0      
8 40 0      35 45 0      
7 40 0      34 45 0      
6 40 0      33 45 0      
5 40 0      32 45 0      
4 40 0      31 45 0      
3 40 0      30 45 0      
2 40 0      29 45 0      
1 40 0      28 45 0      
50 40 0      27 45 0      
49 40 0       27 45 1      
49 40 0      26 45 0      
48 40 0      25 45 0      
47 40 0      24 45 0      
46 40 0      23 45 0      
45 40 0      23 46 0      
44 40 0      23 47 0      
43 40 0      23 48 0      
42 40 0      23 49 0      
41 40 0      23 50 0      
40 40 0      23 51 0      
39 40 0      23 52 0      
38 40 0      23 3 0      
37 40 0      23 4 0      
36 40 0      23 5 0      
35 40 0      22 5 0      
34 40 0      21 5 0      
33 40 0      20 5 0      
32 40 0      19 5 0      
31 40 0      18 5 0      
30 40 0      17 5 0      
29 40 0      16 5 0      
28 40 0      16 6 0      
27 40 0      16 7 0      
26 40 0      16 8 0      
25 40 0      16 9 0      
24 40 0      16 10 0      
23 40 0      16 11 0      
22 40 0      16 12 0      
21 40 0       16 12 1      
21 40 0      16 13 0      
20 40 0      16 14 0      
19 40 0      16 15 0      
18 40 0      16 16 0      
17 40 0      16 17 0      
16 40 0      16 18 0      
15 40 0      16 19 0      
14 40 0      16 20 0      
13 40 0      16 21 0      
12 40 0      16 22 0      
11 40 0      16 23 0      
10 40 0      15 23 0      
9 40 0      14 23 0      
8 40 0       14 23 1      
8 40 0      13 23 0      
7 40 0      13 24 0      
6 40 0      13 25 0      
5 40 0      14 25 0      
4 40 0       14 25 1      
4 40 0      15 25 0      
3 40 0      16 25 0      
2 40 0       16 25 1      
2 40 0      17 25 0      
1 40 0      18 25 0      
50 40 0      19 25 0      
49 40 0      20 25 0      
48 40 0      21 25 0      
47 40 0      22 25 0      
46 40 0      23 25 0      
45 40 0      24 25 0      
44 40 0      25 25 0      
43 40 0      26 25 0      
42 40 0      27 25 0      
41 40 0      28 25 0      
40 40 0      29 25 0      
39 40 0      29 26 0      
38 40 0      29 27 0      
37 40 0      29 28 0      
36 40 0      29 29 0      
35 40 0      29 30 0      
34 40 0      28 30 0      
33 40 0      27 30 0      
32 40 0      27 29 0      
31 40 0      27 28 0      
30 40 0      27 27 0      
29 40 0      27 26 0      
28 40 0      27 25 0      
27 40 0      27 24 0      
26 40 0       27 24 1      
26 40 0      27 23 0      
25 40 0      27 22 0      
24 40 0      27 21 0      
23 40 0      26 21 0      
22 40 0      25 21 0      
21 40 0      24 21 0      
20 40 0      23 21 0      
19 40 0      22 21 0      
18 40 0      21 21 0      
17 40 0      20 21 0      
16 40 0      19 21 0      
15 40 0       19 21 1      
15 40 0      19 22 0      
14 40 0      19 23 0      
13 40 0      19 24 0      
12 40 0      19 25 0      
11 40 0      19 26 0      
10 40 0      19 27 0      
9 40 0      19 28 0      
8 40 0      19 29 0      
7 40 0      19 30 0      
6 40 0      19 31 0      
5 40 0      19 32 0      
4 40 0      19 33 0      
3 40 0      19 34 0      
2 40 0      19 35 0      
1 40 0      19 36 0      
50 40 0      19 37 0      
49 40 0      19 38 0      
48 40 0      19 39 0      
47 40 0      19 40 0      
46 40 0      19 41 0      
45 40 0      19 42 0      
44 40 0      19 43 0      
43 40 0      20 43 0      
42 40 0      21 43 0      
41 40 0      22 43 0      
40 40 0      23 43 0      
39 40 0      24 43 0      
38 40 0      25 43 0      
37 40 0      26 43 0      
36 40 0      27 43 0      
35 40 0      28 43 0      
34 40 0      29 43 0      
33 40 0      30 43 0      
