10 40 1      40 20 0      
9 40 0      40 21 0      
8 40 0      40 22 0      
7 40 0      40 23 0      
6 40 0      40 24 0      
5 40 0      40 25 0      
4 40 0      40 26 0      
3 40 0      40 27 0      
2 40 0      40 28 0      
1 40 0      40 29 0      
50 40 0      40 30 0      
49 40 0      40 31 0      
48 40 0      40 32 0      
47 40 0      40 33 0      
46 40 0      40 34 0      
45 40 0      40 35 0      
44 40 0      40 36 0      
43 40 0      40 37 0      
42 40 0      40 38 0      
41 40 0      40 39 0      
40 40 0      40 40 0      
39 40 0      40 41 0      
38 40 0      40 42 0      
37 40 0      40 43 0      
36 40 0      40 44 0      
35 40 0      40 45 0      
34 40 0      41 45 0      
33 40 0      41 44 0      
32 40 0      41 43 0      
31 40 0      41 42 0      
30 40 0      41 41 0      
29 40 0      41 40 0      
28 40 0      41 39 0      
27 40 0      41 38 0      
26 40 0      41 37 0      
25 40 0      41 36 0      
24 40 0       41 36 1      
24 40 0      40 36 0      
23 40 0      40 35 0      
22 40 0      40 34 0      
21 40 0      40 33 0      
20 40 1      40 32 0      
19 40 0      40 31 0      
18 40 0      40 30 0      
17 40 0      40 29 0      
16 40 0      40 28 0      
15 40 0      40 27 0      
14 40 0      40 26 0      
13 40 0      40 25 0      
12 40 0      40 24 0      
11 40 0      40 23 0      
10 40 0      40 22 0      
9 40 0      40 21 0      
8 40 0      40 20 0      
7 40 0      40 19 0      
6 40 0      40 18 0      
5 40 0      40 17 0      
4 40 0      40 16 0      
3 40 0      40 15 0      
2 40 0      40 14 0      
1 40 0       40 14 1      
1 40 0      40 13 0      
50 40 0      40 12 0      
49 40 0      40 11 0      
48 40 0      40 10 0      
47 40 0      40 9 0      
46 40 0       40 9 1      
46 40 0      40 8 0      
45 40 0      40 7 0      
44 40 0      40 6 0      
43 40 0      40 5 0      
42 40 0       40 5 1      
42 40 0      40 4 0      
41 40 0      40 3 0      
40 40 0      40 52 0      
39 40 0      41 52 0      
38 40 0      42 52 0      
37 40 0      42 53 0      
36 40 0      42 3 0      
35 40 0      42 4 0      
34 40 0      42 5 0      
33 40 0      42 6 0      
32 40 0      42 7 0      
31 40 0      42 8 0      
30 40 0      43 8 0      
29 40 0       43 8 1      
29 40 0      44 8 0      
28 40 0      45 8 0      
27 40 0      46 8 0      
26 40 0      47 8 0      
25 40 0      48 8 0      
24 40 0      49 8 0      
23 40 0      0 8 0      
22 40 0      1 8 0      
21 40 0      2 8 0      
20 40 0      3 8 0      
19 40 0      4 8 0      
18 40 0      5 8 0      
17 40 0      6 8 0      
16 40 0      7 8 0      
15 40 0      8 8 0      
14 40 0      9 8 0      
13 40 0      10 8 0      
12 40 0      11 8 0      
11 40 0      12 8 0      
10 40 0      13 8 0      
9 40 0      14 8 0      
8 40 0      14 7 0      
7 40 0      14 6 0      
6 40 0      14 5 0      
5 40 0      14 4 0      
4 40 0      14 3 0      
3 40 0      15 53 0      
2 40 0      16 53 0      
1 40 0      16 54 0      
50 40 0      16 3 0      
49 40 0      16 4 0      
48 40 0      16 5 0      
47 40 0      16 6 0      
46 40 0      16 7 0      
45 40 0      16 8 0      
44 40 0      16 9 0      
43 40 0      16 10 0      
42 40 0      16 11 0      
41 40 0      16 12 0      
40 40 0      16 13 0      
39 40 0      16 14 0      
38 40 0      16 15 0      
37 40 0      16 16 0      
36 40 0      16 17 0      
35 40 0      16 18 0      
34 40 0      16 19 0      
33 40 0      15 19 0      
32 40 0      14 19 0      
31 40 0      13 19 0      
30 40 0      12 19 0      
29 40 0      11 19 0      
28 40 0      10 19 0      
27 40 0      9 19 0      
26 40 0      8 19 0      
25 40 0      7 19 0      
24 40 0      6 19 0      
23 40 0      5 19 0      
22 40 0      4 19 0      
21 40 0      3 19 0      
20 40 0      3 20 0      
19 40 0      3 21 0      
18 40 0      3 22 0      
17 40 0      3 23 0      
16 40 0      3 24 0      
15 40 0      4 24 0      
14 40 0      4 25 0      
13 40 0      4 26 0      
12 40 0      4 27 0      
11 40 0      4 28 0      
10 40 0      4 29 0      
9 40 0      3 29 0      
8 40 0      2 29 0      
7 40 0      1 29 0      
6 40 0      1 30 0      
5 40 0      1 31 0      
4 40 0      1 32 0      
3 40 0      1 33 0      
2 40 0      1 34 0      
1 40 0      1 35 0      
50 40 0      1 36 0      
49 40 0      1 37 0      
48 40 0      1 38 0      
47 40 0      1 39 0      
46 40 0      1 40 0      
45 40 0      1 41 0      
44 40 0      1 42 0      
43 40 0      1 43 0      
42 40 0      1 44 0      
41 40 0      1 45 0      
40 40 0      1 46 0      
39 40 0      1 47 0      
38 40 0      1 48 0      
37 40 0      1 49 0      
36 40 0      2 49 0      
35 40 0      3 49 0      
34 40 0      4 49 0      
33 40 0      5 49 0      
32 40 0      6 49 0      
31 40 0      7 49 0      
30 40 0      8 49 0      
29 40 0      9 49 0      
28 40 0      9 48 0      
27 40 0      9 47 0      
26 40 0      9 46 0      
25 40 0      9 45 0      
24 40 0      9 44 0      
23 40 0      9 43 0      
22 40 0      9 42 0      
21 40 0      9 41 0      
20 40 0      9 40 0      
19 40 0      9 39 0      
18 40 0      8 39 0      
17 40 0      7 39 0      
16 40 0       7 39 1      
16 40 0      6 39 0      
15 40 0      5 39 0      
14 40 0      4 39 0      
13 40 0      3 39 0      
12 40 0      2 39 0      
11 40 0      1 39 0      
10 40 0      0 39 0      
9 40 0      49 39 0      
8 40 0      48 39 0      
7 40 0      47 39 0      
6 40 0      46 39 0      
5 40 0      45 39 0      
4 40 0      44 39 0      
3 40 0      43 39 0      
2 40 0      42 39 0      
1 40 0      42 40 0      
50 40 0      42 41 0      
49 40 0      42 42 0      
48 40 0      42 43 0      
47 40 0      42 44 0      
46 40 0      42 45 0      
45 40 0      42 46 0      
44 40 0      42 47 0      
43 40 0      42 48 0      
42 40 0      42 49 0      
41 40 0      42 50 0      
40 40 0      42 51 0      
39 40 0      42 52 0      
38 40 0      42 3 0      
37 40 0      41 3 0      
36 40 0      40 3 0      
35 40 0      39 3 0      
34 40 0      38 3 0      
33 40 0      37 3 0      
32 40 0      36 3 0      
31 40 0      35 3 0      
30 40 0      34 3 0      
29 40 0      33 3 0      
28 40 0      32 3 0      
27 40 0      31 3 0      
26 40 0      30 3 0      
25 40 0      29 3 0      
24 40 0      28 3 0      
23 40 0      27 3 0      
22 40 0      26 3 0      
21 40 0      25 3 0      
20 40 0      24 3 0      
19 40 0      23 3 0      
18 40 0      22 3 0      
17 40 0      22 2 0      
16 40 0      22 52 0      
15 40 0      22 51 0      
14 40 0      22 50 0      
13 40 0      22 49 0      
12 40 0      22 48 0      
11 40 0      22 47 0      
10 40 0      22 46 0      
9 40 0      22 45 0      
8 40 0      22 44 0      
7 40 0      22 43 0      
6 40 0      22 42 0      
5 40 0      22 41 0      
4 40 0      22 40 0      
3 40 0      22 39 0      
2 40 0      22 38 0      
1 40 0      22 37 0      
50 40 0      22 36 0      
49 40 0      22 35 0      
48 40 0      21 35 0      
47 40 0      20 35 0      
46 40 0      19 35 0      
45 40 0      18 35 0      
44 40 0      17 35 0      
43 40 0      16 35 0      
42 40 0      15 35 0      
41 40 0      14 35 0      
40 40 0      13 35 0      
39 40 0      12 35 0      
38 40 0      11 35 0      
37 40 0      10 35 0      
36 40 0      9 35 0      
35 40 0      8 35 0      
34 40 0      7 35 0      
33 40 0      6 35 0      
32 40 0      5 35 0      
31 40 0      4 35 0      
30 40 0      3 35 0      
29 40 0      2 35 0      
28 40 0       2 35 1      
28 40 0      1 35 0      
27 40 0      0 35 0      
26 40 0      49 35 0      
25 40 0      48 35 0      
24 40 0      47 35 0      
23 40 0      46 35 0      
22 40 0      45 35 0      
21 40 0      44 35 0      
20 40 0      43 35 0      
19 40 0      42 35 0      
18 40 0      41 35 0      
17 40 0      40 35 0      
16 40 0      39 35 0      
15 40 0      38 35 0      
14 40 0      37 35 0      
13 40 0      36 35 0      
12 40 0      35 35 0      
11 40 0      34 35 0      
10 40 0      33 35 0      
9 40 0      32 35 0      
8 40 0      31 35 0      
7 40 0      30 35 0      
6 40 0      29 35 0      
5 40 0      28 35 0      
4 40 0      27 35 0      
3 40 0      26 35 0      
2 40 0      25 35 0      
1 40 0      24 35 0      
50 40 0      23 35 0      
49 40 0      22 35 0      
48 40 0      21 35 0      
47 40 0      20 35 0      
46 40 0      19 35 0      
45 40 0      18 35 0      
44 40 0      17 35 0      
43 40 0      16 35 0      
42 40 0      15 35 0      
41 40 0      14 35 0      
40 40 0      13 35 0      
39 40 0      12 35 0      
38 40 0      11 35 0      
37 40 0      10 35 0      
36 40 0      9 35 0      
35 40 0      8 35 0      
34 40 0      7 35 0      
33 40 0      6 35 0      
32 40 0      5 35 0      
31 40 0      4 35 0      
30 40 0      3 35 0      
29 40 0      2 35 0      
28 40 0      1 35 0      
27 40 0      0 35 0      
26 40 0      49 35 0      
25 40 0      48 35 0      
24 40 0      47 35 0      
23 40 0      46 35 0      
22 40 0      45 35 0      
21 40 0      44 35 0      
20 40 0      43 35 0      
19 40 0      42 35 0      
18 40 0      41 35 0      
17 40 0      40 35 0      
16 40 0      39 35 0      
15 40 0      39 36 0      
14 40 0       39 36 1      
14 40 0      39 37 0      
13 40 0      39 38 0      
12 40 0      39 39 0      
11 40 0      40 39 0      
10 40 0      41 39 0      
9 40 0      42 39 0      
8 40 0      43 39 0      
7 40 0      44 39 0      
6 40 0      45 39 0      
5 40 0      45 40 0      
4 40 0      45 41 0      
3 40 0      45 42 0      
2 40 0      45 43 0      
1 40 0       45 43 1      
1 40 0      45 44 0      
50 40 0      45 45 0      
49 40 0      45 46 0      
48 40 0      45 47 0      
47 40 0      46 47 0      
46 40 0      47 47 0      
45 40 0      47 48 0      
44 40 0      47 49 0      
43 40 0      47 50 0      
42 40 0      47 51 0      
41 40 0      47 52 0      
40 40 0      47 3 0      
39 40 0      47 4 0      
38 40 0      48 4 0      
37 40 0      49 4 0      
36 40 0      0 4 0      
35 40 0      1 4 0      
34 40 0      2 4 0      
33 40 0      3 4 0      
32 40 0      4 4 0      
31 40 0      4 3 0      
30 40 0      4 52 0      
29 40 0      4 51 0      
28 40 0      5 51 0      
27 40 0       5 51 1      
27 40 0      6 51 0      
26 40 0      7 51 0      
25 40 0      8 51 0      
24 40 0      8 52 0      
23 40 0      8 3 0      
22 40 0      8 4 0      
21 40 0      8 5 0      
20 40 0      8 6 0      
19 40 0      8 7 0      
18 40 0      8 8 0      
17 40 0      8 9 0      
16 40 0      8 10 0      
15 40 0      8 11 0      
14 40 0      8 12 0      
13 40 0      9 12 0      
12 40 0      9 13 0      
11 40 0      9 14 0      
10 40 0      9 15 0      
9 40 0      10 15 0      
8 40 0      10 16 0      
7 40 0      11 16 0      
6 40 0      12 16 0      
5 40 0      13 16 0      
4 40 0      14 16 0      
3 40 0      15 16 0      
2 40 0      16 16 0      
1 40 0      17 16 0      
50 40 0      18 16 0      
49 40 0      19 16 0      
48 40 0      20 16 0      
47 40 0      20 15 0      
46 40 0      20 14 0      
45 40 0      20 13 0      
44 40 0      20 12 0      
43 40 0      20 11 0      
42 40 0      20 10 0      
41 40 0      20 9 0      
40 40 0      20 8 0      
39 40 0      20 7 0      
38 40 0       20 7 1      
38 40 0      20 6 0      
37 40 0      21 6 0      
36 40 0       21 6 1      
36 40 0      22 6 0      
35 40 0      23 6 0      
34 40 0      24 6 0      
33 40 0      25 6 0      
32 40 0      26 6 0      
31 40 0      27 6 0      
30 40 0      28 6 0      
29 40 0      29 6 0      
28 40 0      30 6 0      
27 40 0      31 6 0      
26 40 0       31 6 1      
26 40 0      31 7 0      
25 40 0      30 7 0      
24 40 0      29 7 0      
23 40 0      29 6 0      
22 40 0      29 5 0      
21 40 0      29 4 0      
20 40 0      29 3 0      
19 40 0      29 52 0      
18 40 0      30 52 0      
17 40 0      31 52 0      
16 40 0      31 51 0      
15 40 0      31 50 0      
14 40 0      32 50 0      
13 40 0      33 50 0      
12 40 0      34 50 0      
11 40 0      35 50 0      
10 40 0      36 50 0      
9 40 0      36 51 0      
8 40 0       36 51 1      
8 40 0      36 52 0      
7 40 0      36 3 0      
6 40 0      36 4 0      
5 40 0      37 4 0      
4 40 0      38 4 0      
3 40 0      39 4 0      
2 40 0      40 4 0      
1 40 0      41 4 0      
50 40 0      41 5 0      
49 40 0      41 6 0      
48 40 0       41 6 1      
48 40 0      41 7 0      
47 40 0      41 8 0      
46 40 0      41 9 0      
45 40 0      41 10 0      
44 40 0      41 11 0      
43 40 0      41 12 0      
42 40 0       41 12 1      
42 40 0      41 13 0      
41 40 0      41 14 0      
40 40 0      41 15 0      
39 40 0      41 16 0      
38 40 0      41 17 0      
37 40 0      41 18 0      
36 40 0      41 19 0      
35 40 0      41 20 0      
34 40 0      41 21 0      
33 40 0      41 22 0      
32 40 0      41 23 0      
31 40 0      41 24 0      
30 40 0      41 25 0      
29 40 0      41 26 0      
28 40 0       41 26 1      
28 40 0      41 27 0      
27 40 0      41 28 0      
26 40 0      41 29 0      
25 40 0      41 30 0      
24 40 0      41 31 0      
23 40 0      41 32 0      
22 40 0      42 32 0      
21 40 0       42 32 1      
21 40 0      43 32 0      
20 40 0      44 32 0      
19 40 0      45 32 0      
18 40 0      46 32 0      
17 40 0      47 32 0      
16 40 0      48 32 0      
15 40 0      49 32 0      
14 40 0      0 32 0      
13 40 0      1 32 0      
12 40 0      1 33 0      
11 40 0      1 34 0      
10 40 0      1 35 0      
9 40 0      1 36 0      
8 40 0      1 37 0      
7 40 0      1 38 0      
6 40 0      1 39 0      
5 40 0      1 40 0      
4 40 0      1 41 0      
3 40 0      1 42 0      
2 40 0      1 43 0      
1 40 0      1 44 0      
50 40 0      1 45 0      
49 40 0      1 46 0      
48 40 0      1 47 0      
47 40 0      1 48 0      
46 40 0      1 49 0      
45 40 0      1 50 0      
44 40 0       1 50 1      
44 40 0      1 51 0      
43 40 0      1 52 0      
42 40 0      1 3 0      
41 40 0      1 4 0      
40 40 0      1 5 0      
39 40 0      1 6 0      
38 40 0      1 7 0      
37 40 0      1 8 0      
36 40 0      1 9 0      
35 40 0       1 9 1      
35 40 0      1 10 0      
34 40 0      1 11 0      
33 40 0      1 12 0      
32 40 0      2 12 0      
31 40 0      3 12 0      
30 40 0      4 12 0      
29 40 0      5 12 0      
28 40 0      6 12 0      
27 40 0      7 12 0      
26 40 0      7 11 0      
25 40 0      7 10 0      
24 40 0      6 10 0      
23 40 0      5 10 0      
22 40 0      4 10 0      
21 40 0      3 10 0      
20 40 0      2 10 0      
19 40 0      2 11 0      
18 40 0      2 12 0      
17 40 0      2 13 0      
16 40 0      3 13 0      
15 40 0      4 13 0      
14 40 0      5 13 0      
13 40 0      6 13 0      
12 40 0      7 13 0      
11 40 0      7 14 0      
10 40 0      7 15 0      
9 40 0      7 16 0      
8 40 0      7 17 0      
7 40 0      7 18 0      
6 40 0      7 19 0      
5 40 0      7 20 0      
4 40 0      7 21 0      
3 40 0      7 22 0      
2 40 0      7 23 0      
1 40 0      7 24 0      
50 40 0      7 25 0      
49 40 0      7 26 0      
48 40 0      7 27 0      
47 40 0      7 28 0      
46 40 0      7 29 0      
45 40 0      7 30 0      
44 40 0      6 30 0      
43 40 0      5 30 0      
42 40 0      5 31 0      
41 40 0      6 31 0      
40 40 0      7 31 0      
39 40 0      8 31 0      
38 40 0      9 31 0      
37 40 0      10 31 0      
36 40 0      11 31 0      
35 40 0      12 31 0      
34 40 0      13 31 0      
33 40 0      14 31 0      
32 40 0      15 31 0      
31 40 0      16 31 0      
30 40 0      17 31 0      
29 40 0      18 31 0      
28 40 0      19 31 0      
27 40 0      20 31 0      
26 40 0      21 31 0      
25 40 0      22 31 0      
24 40 0      23 31 0      
23 40 0      24 31 0      
22 40 0      25 31 0      
21 40 0      26 31 0      
20 40 0      27 31 0      
19 40 0      28 31 0      
18 40 0      28 32 0      
17 40 0      28 33 0      
16 40 0       28 33 1      
16 40 0      27 33 0      
15 40 0      26 33 0      
14 40 0      25 33 0      
13 40 0      24 33 0      
12 40 0      23 33 0      
11 40 0      22 33 0      
10 40 0      21 33 0      
9 40 0      20 33 0      
8 40 0      19 33 0      
7 40 0      18 33 0      
6 40 0      18 32 0      
5 40 0      19 32 0      
4 40 0      20 32 0      
3 40 0      21 32 0      
2 40 0      22 32 0      
1 40 0      23 32 0      
50 40 0      24 32 0      
49 40 0      24 33 0      
48 40 0      24 34 0      
47 40 0       24 34 1      
47 40 0      25 34 0      
46 40 0      26 34 0      
45 40 0      27 34 0      
44 40 0      28 34 0      
43 40 0      28 35 0      
42 40 0      28 36 0      
41 40 0      28 37 0      
40 40 0      28 38 0      
39 40 0      28 39 0      
38 40 0      28 40 0      
37 40 0      28 41 0      
36 40 0      28 42 0      
35 40 0      28 43 0      
34 40 0      28 44 0      
33 40 0      28 45 0      
32 40 0      28 46 0      
31 40 0      29 46 0      
30 40 0      30 46 0      
29 40 0      31 46 0      
28 40 0      32 46 0      
27 40 0      33 46 0      
26 40 0      34 46 0      
25 40 0      35 46 0      
24 40 0      36 46 0      
23 40 0      37 46 0      
22 40 0      38 46 0      
21 40 0       38 46 1      
21 40 0      39 46 0      
20 40 0      40 46 0      
19 40 0      40 45 0      
18 40 0      40 44 0      
17 40 0      40 43 0      
16 40 0      40 42 0      
15 40 0      40 41 0      
14 40 0      40 40 0      
13 40 0      40 39 0      
12 40 0      40 38 0      
11 40 0      40 37 0      
10 40 0      40 36 0      
9 40 0      40 35 0      
8 40 0      40 34 0      
7 40 0      40 33 0      
6 40 0      39 33 0      
5 40 0      38 33 0      
4 40 0      37 33 0      
3 40 0      36 33 0      
2 40 0      35 33 0      
1 40 0      34 33 0      
50 40 0      33 33 0      
49 40 0      32 33 0      
48 40 0       32 33 1      
48 40 0      31 33 0      
47 40 0      30 33 0      
46 40 0      29 33 0      
45 40 0      29 34 0      
44 40 0      29 35 0      
43 40 0      29 36 0      
42 40 0      29 37 0      
41 40 0      29 38 0      
40 40 0      29 39 0      
39 40 0      28 39 0      
38 40 0      27 39 0      
37 40 0      26 39 0      
36 40 0      25 39 0      
35 40 0      24 39 0      
34 40 0      23 39 0      
33 40 0       23 39 1      
33 40 0      23 40 0      
32 40 0      23 41 0      
31 40 0      23 42 0      
30 40 0      23 43 0      
29 40 0      23 44 0      
28 40 0       23 44 1      
28 40 0      23 45 0      
27 40 0      23 46 0      
26 40 0      23 47 0      
25 40 0      23 48 0      
24 40 0      23 49 0      
23 40 0      23 50 0      
22 40 0      24 50 0      
21 40 0      25 50 0      
20 40 0      26 50 0      
19 40 0      27 50 0      
18 40 0      28 50 0      
17 40 0      29 50 0      
16 40 0      30 50 0      
15 40 0      31 50 0      
14 40 0      32 50 0      
13 40 0      33 50 0      
12 40 0      34 50 0      
11 40 0      35 50 0      
10 40 0      36 50 0      
9 40 0      37 50 0      
8 40 0      38 50 0      
7 40 0      38 49 0      
6 40 0      39 49 0      
5 40 0      40 49 0      
4 40 0      41 49 0      
3 40 0      42 49 0      
2 40 0      42 50 0      
1 40 0      42 51 0      
50 40 0      42 52 0      
49 40 0      42 3 0      
48 40 0      42 4 0      
47 40 0      42 5 0      
46 40 0      42 6 0      
45 40 0      42 7 0      
44 40 0      42 8 0      
43 40 0      42 9 0      
42 40 0      42 10 0      
41 40 0      43 10 0      
40 40 0      44 10 0      
39 40 0      45 10 0      
38 40 0      45 9 0      
37 40 0      44 9 0      
36 40 0      43 9 0      
35 40 0      42 9 0      
34 40 0      41 9 0      
33 40 0      40 9 0      
32 40 0      39 9 0      
31 40 0      38 9 0      
30 40 0       38 9 1      
30 40 0      37 9 0      
29 40 0      36 9 0      
28 40 0      36 8 0      
27 40 0      36 7 0      
26 40 0      35 7 0      
25 40 0      34 7 0      
24 40 0      34 6 0      
23 40 0      34 5 0      
22 40 0      34 4 0      
21 40 0      34 3 0      
20 40 0      34 52 0      
19 40 0      34 51 0      
18 40 0      34 50 0      
17 40 0      34 49 0      
16 40 0      34 48 0      
15 40 0      34 47 0      
14 40 0      34 46 0      
13 40 0      34 45 0      
12 40 0      34 44 0      
11 40 0      34 43 0      
10 40 0      34 42 0      
9 40 0      34 41 0      
8 40 0      34 40 0      
7 40 0      34 39 0      
6 40 0      34 38 0      
5 40 0      33 38 0      
4 40 0      32 38 0      
3 40 0      31 38 0      
2 40 0      31 39 0      
1 40 0      31 40 0      
50 40 0      31 41 0      
49 40 0      31 42 0      
48 40 0      31 43 0      
47 40 0      31 44 0      
46 40 0      31 45 0      
45 40 0      31 46 0      
44 40 0      31 47 0      
43 40 0      30 47 0      
42 40 0      29 47 0      
41 40 0      28 47 0      
40 40 0      27 47 0      
39 40 0      26 47 0      
38 40 0      25 47 0      
37 40 0      24 47 0      
36 40 0      24 48 0      
35 40 0      24 49 0      
34 40 0      24 50 0      
33 40 0      24 51 0      
32 40 0      25 51 0      
31 40 0      26 51 0      
30 40 0       26 51 1      
30 40 0      27 51 0      
29 40 0      28 51 0      
28 40 0      29 51 0      
27 40 0      30 51 0      
26 40 0      31 51 0      
25 40 0      32 51 0      
24 40 0      33 51 0      
23 40 0      34 51 0      
22 40 0      35 51 0      
21 40 0      36 51 0      
20 40 0      37 51 0      
19 40 0      38 51 0      
18 40 0      39 51 0      
17 40 0      40 51 0      
16 40 0      41 51 0      
15 40 0      42 51 0      
14 40 0      43 51 0      
13 40 0      44 51 0      
12 40 0      45 51 0      
11 40 0      46 51 0      
10 40 0      47 51 0      
9 40 0      48 51 0      
8 40 0      49 51 0      
7 40 0      0 51 0      
6 40 0      1 51 0      
5 40 0      2 51 0      
4 40 0      3 51 0      
3 40 0      4 51 0      
2 40 0      5 51 0      
1 40 0      6 51 0      
50 40 0      7 51 0      
49 40 0      8 51 0      
48 40 0      9 51 0      
47 40 0      10 51 0      
46 40 0      10 52 0      
45 40 0      10 3 0      
44 40 0      10 4 0      
43 40 0      10 5 0      
42 40 0      10 6 0      
41 40 0       10 6 1      
41 40 0      10 7 0      
40 40 0      10 8 0      
39 40 0      10 9 0      
38 40 0      10 10 0      
37 40 0      10 11 0      
36 40 0      10 12 0      
35 40 0      10 13 0      
34 40 0      10 14 0      
33 40 0      10 15 0      
32 40 0      10 16 0      
31 40 0      10 17 0      
30 40 0      10 18 0      
29 40 0      10 19 0      
28 40 0      10 20 0      
27 40 0      10 21 0      
26 40 0      11 21 0      
25 40 0      12 21 0      
24 40 0      12 22 0      
23 40 0      12 23 0      
22 40 0      12 24 0      
21 40 0      12 25 0      
20 40 0      12 26 0      
19 40 0      12 27 0      
18 40 0      12 28 0      
17 40 0      12 29 0      
16 40 0      12 30 0      
15 40 0      12 31 0      
14 40 0      12 32 0      
13 40 0      12 33 0      
12 40 0      12 34 0      
11 40 0      12 35 0      
10 40 0      12 36 0      
9 40 0      12 37 0      
8 40 0      12 38 0      
7 40 0      12 39 0      
6 40 0      12 40 0      
5 40 0      11 40 0      
4 40 0      11 39 0      
3 40 0      11 38 0      
2 40 0      11 37 0      
1 40 0      11 36 0      
50 40 0      11 35 0      
49 40 0      11 34 0      
48 40 0      11 33 0      
47 40 0      12 33 0      
46 40 0      13 33 0      
45 40 0      14 33 0      
44 40 0      15 33 0      
43 40 0      15 34 0      
42 40 0      15 35 0      
41 40 0      15 36 0      
40 40 0      15 37 0      
39 40 0      15 38 0      
38 40 0      15 39 0      
37 40 0      15 40 0      
36 40 0      15 41 0      
35 40 0      15 42 0      
34 40 0      15 43 0      
33 40 0      14 43 0      
32 40 0      13 43 0      
31 40 0      12 43 0      
30 40 0      11 43 0      
29 40 0      10 43 0      
28 40 0      9 43 0      
27 40 0      8 43 0      
26 40 0      7 43 0      
25 40 0      6 43 0      
24 40 0      5 43 0      
23 40 0      4 43 0      
22 40 0      3 43 0      
21 40 0      2 43 0      
20 40 0      1 43 0      
19 40 0      0 43 0      
18 40 0      49 43 0      
17 40 0      49 44 0      
16 40 0       49 44 1      
16 40 0      49 45 0      
15 40 0      49 46 0      
14 40 0      49 47 0      
13 40 0      49 48 0      
12 40 0      50 48 0      
11 40 0      0 48 0      
10 40 0      1 48 0      
9 40 0      2 48 0      
8 40 0      2 49 0      
7 40 0      2 50 0      
6 40 0      2 51 0      
5 40 0      2 52 0      
4 40 0      2 3 0      
3 40 0      2 4 0      
2 40 0      2 5 0      
1 40 0      2 6 0      
50 40 0      2 7 0      
49 40 0      2 8 0      
48 40 0      2 9 0      
47 40 0      2 10 0      
46 40 0      2 11 0      
45 40 0      3 11 0      
44 40 0      4 11 0      
43 40 0      5 11 0      
42 40 0      6 11 0      
41 40 0      7 11 0      
40 40 0      8 11 0      
39 40 0      9 11 0      
38 40 0      10 11 0      
37 40 0      11 11 0      
36 40 0      12 11 0      
35 40 0      13 11 0      
34 40 0      14 11 0      
33 40 0      15 11 0      
32 40 0      16 11 0      
31 40 0      17 11 0      
30 40 0      18 11 0      
29 40 0      19 11 0      
28 40 0      20 11 0      
27 40 0      21 11 0      
26 40 0      22 11 0      
25 40 0      23 11 0      
24 40 0      23 10 0      
23 40 0      23 9 0      
22 40 0      23 8 0      
21 40 0      23 7 0      
20 40 0      23 6 0      
19 40 0      23 5 0      
18 40 0      23 4 0      
17 40 0      23 3 0      
16 40 0      23 52 0      
15 40 0      23 51 0      
14 40 0      23 50 0      
13 40 0      23 49 0      
12 40 0      23 48 0      
11 40 0      23 47 0      
10 40 0      23 46 0      
9 40 0      23 45 0      
8 40 0      23 44 0      
7 40 0      23 43 0      
6 40 0      23 42 0      
5 40 0      23 41 0      
4 40 0      23 40 0      
3 40 0      23 39 0      
2 40 0      23 38 0      
1 40 0      23 37 0      
50 40 0      23 36 0      
49 40 0      23 35 0      
48 40 0      23 34 0      
47 40 0      23 33 0      
46 40 0      23 32 0      
45 40 0      23 31 0      
44 40 0      23 30 0      
43 40 0      23 29 0      
42 40 0       23 29 1      
42 40 0      23 28 0      
41 40 0      23 27 0      
40 40 0      22 27 0      
39 40 0      21 27 0      
38 40 0      20 27 0      
37 40 0      19 27 0      
36 40 0      18 27 0      
35 40 0       18 27 1      
35 40 0      17 27 0      
34 40 0      16 27 0      
33 40 0      16 28 0      
32 40 0      15 28 0      
31 40 0      14 28 0      
30 40 0      13 28 0      
29 40 0      12 28 0      
28 40 0      11 28 0      
27 40 0      10 28 0      
26 40 0      9 28 0      
25 40 0      8 28 0      
24 40 0      7 28 0      
23 40 0      6 28 0      
22 40 0      5 28 0      
21 40 0      4 28 0      
20 40 0      4 27 0      
19 40 0      4 26 0      
18 40 0      4 25 0      
17 40 0      4 24 0      
16 40 0      4 23 0      
15 40 0      4 22 0      
14 40 0      4 21 0      
13 40 0      4 20 0      
12 40 0      5 20 0      
11 40 0      5 19 0      
10 40 0      5 18 0      
9 40 0      5 17 0      
8 40 0      5 16 0      
7 40 0      6 16 0      
6 40 0      6 15 0      
5 40 0      6 14 0      
4 40 0      6 13 0      
3 40 0      6 12 0      
2 40 0      6 11 0      
1 40 0      6 10 0      
50 40 0      6 9 0      
49 40 0      6 8 0      
48 40 0      7 8 0      
47 40 0      8 8 0      
46 40 0      9 8 0      
45 40 0      10 8 0      
44 40 0      11 8 0      
43 40 0      12 8 0      
42 40 0      13 8 0      
41 40 0      14 8 0      
40 40 0      15 8 0      
39 40 0      16 8 0      
38 40 0      16 9 0      
37 40 0      16 10 0      
36 40 0      16 11 0      
35 40 0      16 12 0      
34 40 0      17 12 0      
33 40 0      17 13 0      
32 40 0      17 14 0      
31 40 0      17 15 0      
30 40 0      17 16 0      
29 40 0      17 17 0      
28 40 0      17 18 0      
27 40 0      17 19 0      
26 40 0      17 20 0      
25 40 0      17 21 0      
24 40 0      17 22 0      
23 40 0      17 23 0      
22 40 0      17 24 0      
21 40 0      17 25 0      
20 40 0      17 26 0      
19 40 0      17 27 0      
18 40 0      16 27 0      
17 40 0      15 27 0      
16 40 0      14 27 0      
15 40 0      14 26 0      
14 40 0      13 26 0      
13 40 0      12 26 0      
12 40 0      11 26 0      
11 40 0      10 26 0      
10 40 0      9 26 0      
9 40 0       9 26 1      
9 40 0      8 26 0      
8 40 0      7 26 0      
7 40 0      6 26 0      
6 40 0      5 26 0      
5 40 0      4 26 0      
4 40 0      3 26 0      
3 40 0      2 26 0      
2 40 0      1 26 0      
1 40 0      1 27 0      
0 40 0       1 27 1      
50 40 0      1 28 0      
49 40 0      1 29 0      
48 40 0      1 30 0      
47 40 0      1 31 0      
46 40 0      1 32 0      
45 40 0      0 32 0      
44 40 0      49 32 0      
43 40 0      48 32 0      
42 40 0      47 32 0      
41 40 0      46 32 0      
40 40 0      45 32 0      
39 40 0      44 32 0      
38 40 0      43 32 0      
37 40 0      42 32 0      
36 40 0      41 32 0      
35 40 0      41 33 0      
34 40 0      41 34 0      
33 40 0      41 35 0      
32 40 0      41 36 0      
31 40 0      41 37 0      
30 40 0      41 38 0      
29 40 0      41 39 0      
28 40 0      41 40 0      
27 40 0      41 41 0      
26 40 0      41 42 0      
25 40 0      41 43 0      
24 40 0      41 44 0      
23 40 0      41 45 0      
22 40 0      41 46 0      
21 40 0      41 47 0      
20 40 0      41 48 0      
19 40 0      41 49 0      
18 40 0      41 50 0      
17 40 0      41 51 0      
16 40 0      41 52 0      
15 40 0      41 3 0      
14 40 0      41 4 0      
13 40 0      41 5 0      
12 40 0      41 6 0      
11 40 0      41 7 0      
10 40 0      41 8 0      
9 40 0      40 8 0      
8 40 0      39 8 0      
7 40 0      38 8 0      
6 40 0      37 8 0      
5 40 0      36 8 0      
4 40 0      35 8 0      
3 40 0      34 8 0      
2 40 0      33 8 0      
1 40 0      32 8 0      
50 40 0      31 8 0      
49 40 0      30 8 0      
48 40 0      29 8 0      
47 40 0      28 8 0      
46 40 0      27 8 0      
45 40 0      26 8 0      
44 40 0      25 8 0      
43 40 0      24 8 0      
42 40 0      23 8 0      
41 40 0      22 8 0      
40 40 0      22 7 0      
39 40 0      22 6 0      
