10 40 0      40 20 0      
9 40 0      40 21 0      
8 40 0      40 22 0      
7 40 0      40 23 0      
6 40 0      40 24 0      
5 40 1      41 24 0      
4 40 0      41 25 0      
3 40 0      41 26 0      
2 40 0      41 27 0      
1 40 0      41 28 0      
0 40 1      41 29 0      
49 40 0      41 30 0      
48 40 1      41 31 0      
47 40 0      41 32 0      
46 40 0      41 33 0      
45 40 0      41 34 0      
44 40 0      41 35 0      
43 40 0      41 36 0      
42 40 0      41 37 0      
41 40 1      41 38 0      
40 40 0      40 38 0      
39 40 0      39 38 0      
38 40 0      38 38 0      
37 40 0      37 38 0      
36 40 0      36 38 0      
35 40 0      35 38 0      
34 40 0      34 38 0      
33 40 0      33 38 0      
32 40 0      32 38 0      
31 40 0      31 38 0      
30 40 0      30 38 0      
29 40 0      29 38 0      
28 40 0      28 38 0      
27 40 0      27 38 0      
26 40 0      26 38 0      
25 40 0      25 38 0      
24 40 0      24 38 0      
23 40 0      23 38 0      
22 40 0      22 38 0      
21 40 0      21 38 0      
20 40 0      20 38 0      
19 40 0      19 38 0      
18 40 0      18 38 0      
17 40 0      17 38 0      
16 40 0      16 38 0      
15 40 0      15 38 0      
14 40 0      14 38 0      
13 40 0      13 38 0      
12 40 0      12 38 0      
11 40 0      11 38 0      
10 40 0      10 38 0      
9 40 0      9 38 0      
8 40 0      8 38 0      
7 40 0      7 38 0      
6 40 0      6 38 0      
5 40 0      5 38 0      
4 40 0      4 38 0      
3 40 0      3 38 0      
2 40 0      3 39 0      
1 40 0      3 40 0      
50 40 0      3 41 0      
49 40 0      3 42 0      
48 40 0      3 43 0      
47 40 0      2 43 0      
46 40 0      1 43 0      
45 40 0      0 43 0      
44 40 0      49 43 0      
43 40 0      48 43 0      
42 40 0      47 43 0      
41 40 0      46 43 0      
40 40 0      45 43 0      
39 40 0      44 43 0      
38 40 0      43 43 0      
37 40 0      42 43 0      
36 40 0      41 43 0      
35 40 0      40 43 0      
34 40 0      39 43 0      
33 40 0      38 43 0      
32 40 0      37 43 0      
31 40 0      36 43 0      
30 40 0      35 43 0      
29 40 0      34 43 0      
28 40 0      33 43 0      
27 40 0      32 43 0      
26 40 0      31 43 0      
25 40 0      30 43 0      
24 40 0      29 43 0      
23 40 0      28 43 0      
22 40 0      27 43 0      
21 40 0      27 44 0      
20 40 0      27 45 0      
19 40 0      28 45 0      
18 40 0      29 45 0      
17 40 0      30 45 0      
16 40 0      31 45 0      
15 40 0      32 45 0      
14 40 0      33 45 0      
13 40 0      34 45 0      
12 40 0      35 45 0      
11 40 0      36 45 0      
10 40 0      37 45 0      
9 40 0      38 45 0      
8 40 0      39 45 0      
7 40 0      40 45 0      
6 40 0      40 44 0      
5 40 0      40 43 0      
4 40 0      40 42 0      
3 40 0      40 41 0      
2 40 0      41 41 0      
1 40 0      42 41 0      
50 40 0      43 41 0      
49 40 0      44 41 0      
48 40 0      45 41 0      
47 40 0      46 41 0      
46 40 0      47 41 0      
45 40 0      48 41 0      
44 40 0      49 41 0      
43 40 0       49 41 1      
43 40 0      0 41 0      
42 40 0       0 41 1      
42 40 0       0 41 1      
42 40 0      1 41 0      
41 40 0      2 41 0      
40 40 0      3 41 0      
39 40 0      4 41 0      
38 40 0       4 41 1      
38 40 0      5 41 0      
37 40 0      6 41 0      
36 40 0      7 41 0      
35 40 0      8 41 0      
34 40 0      9 41 0      
33 40 0      10 41 0      
32 40 0      11 41 0      
31 40 0      12 41 0      
30 40 0      13 41 0      
29 40 0      14 41 0      
28 40 0      15 41 0      
27 40 0      16 41 0      
26 40 0      17 41 0      
25 40 0      18 41 0      
24 40 0      19 41 0      
23 40 0      20 41 0      
22 40 0      21 41 0      
21 40 0      21 40 0      
20 40 0      20 40 0      
19 40 0      19 40 0      
18 40 0      18 40 0      
17 40 0      17 40 0      
16 40 0      16 40 0      
15 40 0      15 40 0      
14 40 0      14 40 0      
13 40 0      13 40 0      
12 40 0      12 40 0      
11 40 0      11 40 0      
10 40 0      10 40 0      
9 40 0      10 39 0      
8 40 0      10 38 0      
7 40 0      10 37 0      
6 40 0       10 37 1      
6 40 0      10 36 0      
5 40 0      9 36 0      
4 40 0       9 36 1      
4 40 0      8 36 0      
3 40 0      7 36 0      
2 40 0      6 36 0      
1 40 0      5 36 0      
50 40 0      4 36 0      
49 40 0      3 36 0      
48 40 0      2 36 0      
47 40 0      2 37 0      
46 40 0       2 37 1      
46 40 0      2 38 0      
45 40 0      1 38 0      
44 40 0      0 38 0      
43 40 0      49 38 0      
42 40 0      48 38 0      
41 40 0      47 38 0      
40 40 0      46 38 0      
39 40 0      45 38 0      
38 40 0      44 38 0      
37 40 0      43 38 0      
36 40 0      42 38 0      
35 40 0      41 38 0      
34 40 0      40 38 0      
33 40 0      39 38 0      
32 40 0      38 38 0      
31 40 0      37 38 0      
30 40 0      36 38 0      
29 40 0      35 38 0      
28 40 0      34 38 0      
27 40 0      33 38 0      
26 40 0      32 38 0      
25 40 0      32 39 0      
24 40 0      32 40 0      
23 40 0      32 41 0      
22 40 0      32 42 0      
21 40 0      32 43 0      
20 40 0      32 44 0      
19 40 0      32 45 0      
18 40 0      33 45 0      
17 40 0      34 45 0      
16 40 0      35 45 0      
15 40 0      36 45 0      
14 40 0      36 46 0      
13 40 0      35 46 0      
12 40 0      34 46 0      
11 40 0      33 46 0      
10 40 0      32 46 0      
9 40 0      31 46 0      
8 40 0      30 46 0      
7 40 0      30 45 0      
6 40 0      30 44 0      
5 40 0      30 43 0      
4 40 0      30 42 0      
3 40 0      30 41 0      
2 40 0      30 40 0      
1 40 0      30 39 0      
50 40 0      30 38 0      
49 40 0      30 37 0      
48 40 0      30 36 0      
47 40 0      31 36 0      
46 40 0      32 36 0      
45 40 0      33 36 0      
44 40 0      34 36 0      
43 40 0      34 35 0      
42 40 0      34 34 0      
41 40 0       34 34 1      
41 40 0      34 33 0      
40 40 0      35 33 0      
39 40 0      36 33 0      
38 40 0      36 34 0      
37 40 0      36 35 0      
36 40 0      36 36 0      
35 40 0      36 37 0      
34 40 0      36 38 0      
33 40 0      36 39 0      
32 40 0      36 40 0      
31 40 0      36 41 0      
30 40 0      36 42 0      
29 40 0      36 43 0      
28 40 0      36 44 0      
27 40 0      36 45 0      
26 40 0      36 46 0      
25 40 0      35 46 0      
24 40 0      34 46 0      
23 40 0      33 46 0      
22 40 0      32 46 0      
21 40 0      31 46 0      
20 40 0      30 46 0      
19 40 0      29 46 0      
18 40 0      28 46 0      
17 40 0      27 46 0      
16 40 0      26 46 0      
15 40 0      25 46 0      
14 40 0      24 46 0      
13 40 0      23 46 0      
12 40 0      22 46 0      
11 40 0      21 46 0      
10 40 0      20 46 0      
9 40 0      19 46 0      
8 40 0      18 46 0      
7 40 0      17 46 0      
6 40 0      16 46 0      
5 40 0      16 45 0      
4 40 0      16 44 0      
3 40 0      16 43 0      
2 40 0      15 43 0      
1 40 0      14 43 0      
50 40 0      13 43 0      
49 40 0      12 43 0      
48 40 0      11 43 0      
47 40 0      10 43 0      
46 40 0      9 43 0      
45 40 0      8 43 0      
44 40 0      7 43 0      
43 40 0      6 43 0      
42 40 0      5 43 0      
41 40 0      4 43 0      
40 40 0      3 43 0      
39 40 0      2 43 0      
38 40 0      1 43 0      
37 40 0      0 43 0      
36 40 0      49 43 0      
35 40 0      48 43 0      
34 40 0      47 43 0      
33 40 0      46 43 0      
32 40 0      45 43 0      
31 40 0      44 43 0      
30 40 0      43 43 0      
29 40 0      42 43 0      
28 40 0      41 43 0      
27 40 0      40 43 0      
26 40 0      39 43 0      
25 40 0      39 44 0      
24 40 0      39 45 0      
23 40 0      39 46 0      
22 40 0      39 47 0      
21 40 0      39 48 0      
20 40 0      39 49 0      
19 40 0      39 50 0      
18 40 0      39 51 0      
17 40 0      39 52 0      
16 40 0      39 3 0      
15 40 0      39 4 0      
14 40 0      39 5 0      
13 40 0      39 6 0      
12 40 0      39 7 0      
11 40 0      39 8 0      
10 40 0       39 8 1      
10 40 0      38 8 0      
9 40 0      37 8 0      
8 40 0      36 8 0      
7 40 0      35 8 0      
6 40 0      35 9 0      
5 40 0      35 10 0      
4 40 0      35 11 0      
3 40 0      35 12 0      
2 40 0       35 12 1      
2 40 0      35 13 0      
1 40 0      35 14 0      
50 40 0      35 15 0      
49 40 0      35 16 0      
48 40 0      35 17 0      
47 40 0      35 18 0      
46 40 0      35 19 0      
45 40 0      35 20 0      
44 40 0      35 21 0      
43 40 0      35 22 0      
42 40 0      36 22 0      
41 40 0      37 22 0      
40 40 0      38 22 0      
39 40 0      39 22 0      
38 40 0      40 22 0      
37 40 0      41 22 0      
36 40 0      42 22 0      
35 40 0      43 22 0      
34 40 0      44 22 0      
33 40 0      44 21 0      
32 40 0      44 20 0      
31 40 0      44 19 0      
30 40 0      43 19 0      
29 40 0      42 19 0      
28 40 0      41 19 0      
27 40 0      40 19 0      
26 40 0      39 19 0      
25 40 0      39 20 0      
24 40 0      39 21 0      
23 40 0      39 22 0      
22 40 0      39 23 0      
21 40 0      39 24 0      
20 40 0      39 25 0      
19 40 0      39 26 0      
18 40 0      39 27 0      
17 40 0      39 28 0      
16 40 0       39 28 1      
16 40 0      39 29 0      
15 40 0      39 30 0      
14 40 0      39 31 0      
13 40 0      39 32 0      
12 40 0      38 32 0      
11 40 0      37 32 0      
10 40 0      36 32 0      
9 40 0       36 32 1      
9 40 0      35 32 0      
8 40 0      34 32 0      
7 40 0      34 31 0      
6 40 0      35 31 0      
5 40 0      36 31 0      
4 40 0      37 31 0      
3 40 0      38 31 0      
2 40 0      39 31 0      
1 40 0      40 31 0      
50 40 0      41 31 0      
49 40 0      42 31 0      
48 40 0      43 31 0      
47 40 0      44 31 0      
46 40 0      45 31 0      
45 40 0      46 31 0      
44 40 0      46 32 0      
43 40 0      46 33 0      
42 40 0      46 34 0      
41 40 0      46 35 0      
40 40 0      46 36 0      
39 40 0      46 37 0      
38 40 0       46 37 1      
38 40 0      46 38 0      
37 40 0      46 39 0      
36 40 0      46 40 0      
35 40 0      46 41 0      
34 40 0      47 41 0      
33 40 0      48 41 0      
32 40 0      49 41 0      
31 40 0      -1 40 0      
30 40 0      -1 39 0      
29 40 0      -1 38 0      
28 40 0      -1 37 0      
27 40 0      -1 36 0      
26 40 0      0 36 0      
25 40 0      1 36 0      
24 40 0      2 36 0      
23 40 0      3 36 0      
22 40 0      4 36 0      
21 40 0      5 36 0      
20 40 0      6 36 0      
19 40 0      7 36 0      
18 40 0      8 36 0      
17 40 0      9 36 0      
16 40 0      10 36 0      
15 40 0      11 36 0      
14 40 0      12 36 0      
13 40 0      13 36 0      
12 40 0      14 36 0      
11 40 0      15 36 0      
10 40 0      16 36 0      
9 40 0      17 36 0      
8 40 0       17 36 1      
8 40 0      18 36 0      
7 40 0      18 37 0      
6 40 0      18 38 0      
5 40 0      18 39 0      
4 40 0       18 39 1      
4 40 0      18 40 0      
3 40 0      18 41 0      
2 40 0      18 42 0      
1 40 0      19 42 0      
50 40 0      20 42 0      
49 40 0      21 42 0      
48 40 0      21 41 0      
47 40 0      21 40 0      
46 40 0      21 39 0      
45 40 0      21 38 0      
44 40 0      21 37 0      
43 40 0       21 37 1      
43 40 0      21 36 0      
42 40 0      21 35 0      
41 40 0      21 34 0      
40 40 0      21 33 0      
39 40 0      21 32 0      
38 40 0      21 31 0      
37 40 0      21 30 0      
36 40 0      21 29 0      
35 40 0      21 28 0      
34 40 0      21 27 0      
33 40 0      21 26 0      
32 40 0      21 25 0      
31 40 0      21 24 0      
30 40 0      21 23 0      
29 40 0      21 22 0      
28 40 0      21 21 0      
27 40 0      21 20 0      
26 40 0      21 19 0      
25 40 0      21 18 0      
24 40 0      22 18 0      
23 40 0      23 18 0      
22 40 0      23 19 0      
21 40 0       23 19 1      
21 40 0      23 20 0      
20 40 0      23 21 0      
19 40 0      23 22 0      
18 40 0      23 23 0      
17 40 0      23 24 0      
16 40 0      23 25 0      
15 40 0      23 26 0      
14 40 0      23 27 0      
13 40 0      23 28 0      
12 40 0      23 29 0      
11 40 0      23 30 0      
10 40 0      23 31 0      
9 40 0      23 32 0      
8 40 0      23 33 0      
7 40 0      23 34 0      
6 40 0      23 35 0      
5 40 0      23 36 0      
4 40 0      23 37 0      
3 40 0      23 38 0      
2 40 0      22 38 0      
1 40 0      21 38 0      
50 40 0      21 39 0      
49 40 0      21 40 0      
48 40 0      21 41 0      
47 40 0      21 42 0      
46 40 0      21 43 0      
45 40 0      21 44 0      
44 40 0      21 45 0      
43 40 0      21 46 0      
42 40 0      21 47 0      
41 40 0      21 48 0      
40 40 0      22 48 0      
39 40 0      22 49 0      
38 40 0      21 49 0      
37 40 0      20 49 0      
36 40 0      19 49 0      
35 40 0      18 49 0      
34 40 0       18 49 1      
34 40 0      17 49 0      
33 40 0      16 49 0      
32 40 0      15 49 0      
31 40 0      14 49 0      
30 40 0      13 49 0      
29 40 0      12 49 0      
28 40 0      11 49 0      
27 40 0      10 49 0      
26 40 0      9 49 0      
25 40 0      9 50 0      
24 40 0      9 51 0      
23 40 0      9 52 0      
22 40 0      9 3 0      
21 40 0      9 4 0      
20 40 0      9 5 0      
19 40 0      9 6 0      
18 40 0      9 7 0      
17 40 0      9 8 0      
16 40 0      9 9 0      
15 40 0      9 10 0      
14 40 0      8 10 0      
13 40 0      7 10 0      
12 40 0      6 10 0      
11 40 0      5 10 0      
10 40 0      4 10 0      
9 40 0      3 10 0      
8 40 0      2 10 0      
7 40 0      1 10 0      
6 40 0      0 10 0      
5 40 0      49 10 0      
4 40 0      48 10 0      
3 40 0      47 10 0      
2 40 0      46 10 0      
1 40 0      45 10 0      
50 40 0      44 10 0      
49 40 0      43 10 0      
48 40 0      42 10 0      
47 40 0      41 10 0      
46 40 0      40 10 0      
45 40 0      39 10 0      
44 40 0      38 10 0      
43 40 0      37 10 0      
42 40 0      36 10 0      
41 40 0       36 10 1      
41 40 0      35 10 0      
40 40 0      34 10 0      
39 40 0      33 10 0      
38 40 0      32 10 0      
37 40 0      31 10 0      
36 40 0      30 10 0      
35 40 0      29 10 0      
34 40 0      28 10 0      
33 40 0      27 10 0      
32 40 0      26 10 0      
31 40 0      25 10 0      
30 40 0      24 10 0      
29 40 0      24 9 0      
28 40 0      24 8 0      
27 40 0      24 7 0      
26 40 0      24 6 0      
25 40 0      24 5 0      
24 40 0      24 4 0      
23 40 0      24 3 0      
22 40 0      24 52 0      
21 40 0      23 52 0      
20 40 0      22 52 0      
19 40 0      21 52 0      
18 40 0      21 53 0      
17 40 0      21 3 0      
16 40 0      21 4 0      
15 40 0      21 5 0      
14 40 0      21 6 0      
13 40 0      21 7 0      
12 40 0      21 8 0      
11 40 0      21 9 0      
10 40 0      21 10 0      
9 40 0      21 11 0      
8 40 0      21 12 0      
7 40 0      21 13 0      
6 40 0      21 14 0      
5 40 0      21 15 0      
4 40 0      21 16 0      
3 40 0      22 16 0      
2 40 0      23 16 0      
1 40 0      24 16 0      
50 40 0      24 15 0      
49 40 0      24 14 0      
48 40 0      24 13 0      
47 40 0      24 12 0      
46 40 0      24 11 0      
45 40 0      24 10 0      
44 40 0      24 9 0      
43 40 0      24 8 0      
42 40 0      24 7 0      
41 40 0      24 6 0      
40 40 0      24 5 0      
39 40 0      24 4 0      
38 40 0      24 3 0      
37 40 0      24 52 0      
36 40 0      24 51 0      
35 40 0      24 50 0      
34 40 0      23 50 0      
33 40 0      22 50 0      
32 40 0      21 50 0      
31 40 0      20 50 0      
30 40 0      20 49 0      
29 40 0      20 48 0      
28 40 0      20 47 0      
27 40 0      20 46 0      
26 40 0      20 45 0      
25 40 0      20 44 0      
24 40 0      20 43 0      
23 40 0      20 42 0      
22 40 0      20 41 0      
21 40 0      20 40 0      
20 40 0      20 39 0      
19 40 0      20 38 0      
18 40 0      20 37 0      
17 40 0      20 36 0      
16 40 0      20 35 0      
15 40 0      20 34 0      
14 40 0      19 34 0      
13 40 0      18 34 0      
12 40 0      17 34 0      
11 40 0      16 34 0      
10 40 0      15 34 0      
9 40 0      14 34 0      
8 40 0      13 34 0      
7 40 0      12 34 0      
6 40 0      11 34 0      
5 40 0       11 34 1      
5 40 0      10 34 0      
4 40 0      9 34 0      
3 40 0      8 34 0      
2 40 0      7 34 0      
1 40 0      6 34 0      
50 40 0      5 34 0      
49 40 0      4 34 0      
48 40 0      3 34 0      
47 40 0      2 34 0      
46 40 0      1 34 0      
45 40 0      0 34 0      
44 40 0      49 34 0      
43 40 0      48 34 0      
42 40 0      47 34 0      
41 40 0      47 35 0      
40 40 0      47 36 0      
39 40 0      47 37 0      
38 40 0      47 38 0      
37 40 0      47 39 0      
36 40 0      47 40 0      
35 40 0      47 41 0      
34 40 0      46 41 0      
33 40 0      45 41 0      
32 40 0      44 41 0      
31 40 0      43 41 0      
30 40 0      42 41 0      
29 40 0      41 41 0      
28 40 0      40 41 0      
27 40 0      39 41 0      
26 40 0      38 41 0      
25 40 0      37 41 0      
24 40 0      36 41 0      
23 40 0      35 41 0      
22 40 0      35 40 0      
21 40 0      35 39 0      
20 40 0      35 38 0      
19 40 0      34 38 0      
18 40 0      34 37 0      
17 40 0      35 37 0      
16 40 0      36 37 0      
15 40 0      37 37 0      
14 40 0      38 37 0      
13 40 0      39 37 0      
12 40 0       39 37 1      
12 40 0      40 37 0      
11 40 0      41 37 0      
10 40 0      42 37 0      
9 40 0      43 37 0      
8 40 0      43 36 0      
7 40 0      43 35 0      
6 40 0      42 35 0      
5 40 0      41 35 0      
4 40 0      40 35 0      
3 40 0      39 35 0      
2 40 0      39 34 0      
1 40 0      39 33 0      
50 40 0      38 33 0      
49 40 0      37 33 0      
48 40 0      36 33 0      
47 40 0      35 33 0      
46 40 0      34 33 0      
45 40 0      33 33 0      
44 40 0      32 33 0      
43 40 0      31 33 0      
42 40 0      30 33 0      
41 40 0      29 33 0      
40 40 0      28 33 0      
39 40 0      27 33 0      
38 40 0      26 33 0      
37 40 0       26 33 1      
37 40 0      25 33 0      
36 40 0      24 33 0      
35 40 0      23 33 0      
34 40 0      22 33 0      
33 40 0      21 33 0      
32 40 0      20 33 0      
31 40 0      19 33 0      
30 40 0      18 33 0      
29 40 0      17 33 0      
28 40 0      16 33 0      
27 40 0      15 33 0      
26 40 0      14 33 0      
25 40 0      13 33 0      
24 40 0      12 33 0      
23 40 0      11 33 0      
22 40 0      10 33 0      
21 40 0      10 34 0      
20 40 0      10 35 0      
19 40 0      10 36 0      
18 40 0      10 37 0      
17 40 0      10 38 0      
16 40 0      10 39 0      
15 40 0      10 40 0      
14 40 0      10 41 0      
13 40 0      10 42 0      
12 40 0      10 43 0      
11 40 0      10 44 0      
10 40 0      10 45 0      
9 40 0      10 46 0      
8 40 0      10 47 0      
7 40 0      10 48 0      
6 40 0      10 49 0      
5 40 0      10 50 0      
4 40 0      11 50 0      
3 40 0      12 50 0      
2 40 0      13 50 0      
1 40 0      14 50 0      
50 40 0      15 50 0      
49 40 0      16 50 0      
48 40 0      17 50 0      
47 40 0      18 50 0      
46 40 0      18 49 0      
45 40 0      18 48 0      
44 40 0      18 47 0      
43 40 0      18 46 0      
42 40 0      18 45 0      
41 40 0      18 44 0      
40 40 0      18 43 0      
39 40 0      18 42 0      
38 40 0      18 41 0      
37 40 0      18 40 0      
36 40 0      18 39 0      
35 40 0      18 38 0      
34 40 0      18 37 0      
33 40 0      18 36 0      
32 40 0      18 35 0      
31 40 0      18 34 0      
30 40 0      18 33 0      
29 40 0      18 32 0      
28 40 0      18 31 0      
27 40 0      18 30 0      
26 40 0      17 30 0      
25 40 0      16 30 0      
24 40 0      15 30 0      
23 40 0      15 31 0      
22 40 0      15 32 0      
21 40 0      15 33 0      
20 40 0      15 34 0      
19 40 0      15 35 0      
18 40 0      15 36 0      
17 40 0      15 37 0      
16 40 0      15 38 0      
15 40 0      15 39 0      
14 40 0      15 40 0      
13 40 0      15 41 0      
12 40 0      15 42 0      
11 40 0       15 42 1      
11 40 0      15 43 0      
10 40 0      15 44 0      
9 40 0      15 45 0      
8 40 0      15 46 0      
7 40 0      15 47 0      
6 40 0      15 48 0      
5 40 0      15 49 0      
4 40 0      15 50 0      
3 40 0      15 51 0      
2 40 0       15 51 1      
2 40 0      15 52 0      
1 40 0      15 3 0      
50 40 0      16 3 0      
49 40 0      17 3 0      
48 40 0      18 3 0      
47 40 0      19 3 0      
46 40 0      19 2 0      
45 40 0      19 52 0      
44 40 0      19 51 0      
43 40 0      20 51 0      
42 40 0      21 51 0      
41 40 0      22 51 0      
40 40 0      23 51 0      
39 40 0      24 51 0      
38 40 0      25 51 0      
37 40 0      26 51 0      
36 40 0      27 51 0      
35 40 0      28 51 0      
34 40 0      29 51 0      
33 40 0      29 50 0      
32 40 0      29 49 0      
31 40 0      29 48 0      
30 40 0      29 47 0      
29 40 0      28 47 0      
28 40 0      27 47 0      
27 40 0      26 47 0      
26 40 0      26 48 0      
25 40 0      26 49 0      
24 40 0      26 50 0      
23 40 0      26 51 0      
22 40 0      27 51 0      
21 40 0      28 51 0      
20 40 0      29 51 0      
19 40 0      30 51 0      
18 40 0      31 51 0      
17 40 0      32 51 0      
16 40 0      33 51 0      
15 40 0      34 51 0      
14 40 0      35 51 0      
13 40 0      36 51 0      
12 40 0      37 51 0      
11 40 0      37 52 0      
10 40 0      37 3 0      
9 40 0      36 3 0      
8 40 0      35 3 0      
7 40 0      34 3 0      
6 40 0      33 3 0      
5 40 0      32 3 0      
4 40 0      32 4 0      
3 40 0      32 5 0      
2 40 0      32 6 0      
1 40 0      32 7 0      
50 40 0      33 7 0      
49 40 0      34 7 0      
48 40 0      35 7 0      
47 40 0      36 7 0      
46 40 0      37 7 0      
45 40 0      38 7 0      
44 40 0       38 7 1      
44 40 0      39 7 0      
43 40 0      40 7 0      
42 40 0      40 6 0      
41 40 0      40 5 0      
40 40 0      40 4 0      
39 40 0      40 3 0      
38 40 0      40 52 0      
37 40 0      40 51 0      
36 40 0      40 50 0      
35 40 0       40 50 1      
35 40 0      40 49 0      
34 40 0      39 49 0      
33 40 0      38 49 0      
32 40 0      37 49 0      
31 40 0      36 49 0      
30 40 0      35 49 0      
29 40 0      34 49 0      
28 40 0      33 49 0      
27 40 0      32 49 0      
26 40 0      31 49 0      
25 40 0      30 49 0      
24 40 0      29 49 0      
23 40 0      28 49 0      
22 40 0      28 50 0      
21 40 0      28 51 0      
20 40 0      28 52 0      
19 40 0      28 3 0      
18 40 0      28 4 0      
17 40 0      29 4 0      
16 40 0      30 4 0      
15 40 0      31 4 0      
14 40 0      32 4 0      
13 40 0      33 4 0      
12 40 0      34 4 0      
11 40 0      35 4 0      
10 40 0      35 5 0      
9 40 0      35 6 0      
8 40 0      35 7 0      
7 40 0      35 8 0      
6 40 0      35 9 0      
5 40 0      35 10 0      
4 40 0      35 11 0      
3 40 0      35 12 0      
2 40 0      35 13 0      
1 40 0      35 14 0      
50 40 0      35 15 0      
49 40 0      35 16 0      
48 40 0      35 17 0      
47 40 0      35 18 0      
46 40 0      34 18 0      
45 40 0      33 18 0      
44 40 0      32 18 0      
43 40 0      31 18 0      
42 40 0      30 18 0      
41 40 0      29 18 0      
40 40 0      28 18 0      
39 40 0      27 18 0      
38 40 0      26 18 0      
37 40 0      25 18 0      
36 40 0      24 18 0      
35 40 0      23 18 0      
34 40 0      23 19 0      
33 40 0      23 20 0      
32 40 0      23 21 0      
31 40 0      24 21 0      
30 40 0      25 21 0      
29 40 0      26 21 0      
28 40 0      27 21 0      
27 40 0      27 20 0      
26 40 0      27 19 0      
