10 40 0      40 20 0      
9 40 0      40 21 0      
8 40 0      40 22 0      
7 40 0      40 23 0      
6 40 0      40 24 0      
5 40 0      40 25 0      
4 40 0      40 26 0      
3 40 0       40 26 1      
3 40 0      41 26 0      
2 40 0      42 26 0      
1 40 0      43 26 0      
50 40 0      44 26 0      
49 40 0      45 26 0      
48 40 0      46 26 0      
47 40 0      47 26 0      
46 40 0      48 26 0      
45 40 0      48 25 0      
44 40 0      47 25 0      
43 40 0      47 26 0      
42 40 0      47 27 0      
41 40 0      47 28 0      
40 40 0      47 29 0      
39 40 0      47 30 0      
38 40 0      47 31 0      
37 40 0      47 32 0      
36 40 0      47 33 0      
35 40 0      47 34 0      
34 40 0      47 35 0      
33 40 0      47 36 0      
32 40 0      47 37 0      
31 40 0      46 37 0      
30 40 0      45 37 0      
29 40 0      44 37 0      
28 40 0      43 37 0      
27 40 0      42 37 0      
26 40 0      41 37 0      
25 40 0      40 37 0      
24 40 0      39 37 0      
23 40 0       39 37 1      
23 40 1      38 37 0      
22 40 0      38 38 0      
21 40 0      38 39 0      
20 40 0      38 40 0      
19 40 0      38 41 0      
18 40 0      38 42 0      
17 40 0      38 43 0      
16 40 0      38 44 0      
15 40 0      38 45 0      
14 40 0      38 46 0      
13 40 0      38 47 0      
12 40 0      38 48 0      
11 40 0      38 49 0      
10 40 0      38 50 0      
9 40 0      38 51 0      
8 40 0      38 52 0      
7 40 0      38 3 0      
6 40 0      38 4 0      
5 40 0      38 5 0      
4 40 0      38 6 0      
3 40 0      38 7 0      
2 40 0      39 7 0      
1 40 0      40 7 0      
50 40 0      41 7 0      
49 40 0      42 7 0      
48 40 0      43 7 0      
47 40 0      44 7 0      
46 40 0      45 7 0      
45 40 0      46 7 0      
44 40 0      47 7 0      
43 40 0      48 7 0      
42 40 0      49 7 0      
41 40 0      0 7 0      
40 40 0      0 8 0      
39 40 0      0 9 0      
38 40 0      0 10 0      
37 40 0       0 10 1      
37 40 0      -1 10 0      
36 40 0      49 10 0      
35 40 0      48 10 0      
34 40 0      47 10 0      
33 40 0      46 10 0      
32 40 0      46 11 0      
31 40 0      46 12 0      
30 40 0      46 13 0      
29 40 0      46 14 0      
28 40 0      46 15 0      
27 40 0      46 16 0      
26 40 0      46 17 0      
25 40 0      46 18 0      
24 40 0      46 19 0      
23 40 0      46 20 0      
22 40 0      46 21 0      
21 40 0      46 22 0      
