10 40 0      40 20 0      
9 40 0      40 21 0      
8 40 0      40 22 0      
7 40 0      40 23 0      
6 40 0      40 24 0      
5 40 0      40 25 0      
4 40 0      41 25 0      
3 40 0      42 25 0      
2 40 0      43 25 0      
1 40 1      44 25 0      
50 40 0      45 25 0      
49 40 0      46 25 0      
48 40 0      47 25 0      
47 40 0       47 25 1      
47 40 0      48 25 0      
46 40 0      49 25 0      
45 40 0      -1 26 0      
44 40 0      0 26 0      
43 40 0      1 26 0      
42 40 0       1 26 1      
42 40 0      2 26 0      
41 40 0      3 26 0      
40 40 0       3 26 1      
40 40 0      4 26 0      
39 40 0       4 26 1      
39 40 0      5 26 0      
38 40 0      6 26 0      
37 40 0      7 26 0      
36 40 0      7 27 0      
35 40 0      7 28 0      
34 40 0      7 29 0      
33 40 0      7 30 0      
32 40 0      7 31 0      
31 40 0       7 31 1      
31 40 0      7 32 0      
30 40 0      7 33 0      
29 40 0      7 34 0      
28 40 0      7 35 0      
27 40 0      7 36 0      
26 40 0      7 37 0      
25 40 0      7 38 0      
24 40 0      7 39 0      
23 40 0      7 40 0      
22 40 0      8 40 0      
21 40 0      9 40 0      
20 40 0      10 40 0      
19 40 0      11 40 0      
18 40 1      12 40 0      
17 40 0      13 40 0      
16 40 0      14 40 0      
15 40 0      14 39 0      
14 40 0      14 38 0      
13 40 0      14 37 0      
12 40 0      14 36 0      
11 40 0      13 36 0      
10 40 0      12 36 0      
9 40 0      11 36 0      
8 40 0      10 36 0      
7 40 0      9 36 0      
6 40 0      8 36 0      
5 40 0      7 36 0      
4 40 0      6 36 0      
3 40 0      5 36 0      
2 40 0       5 36 1      
2 40 0      4 36 0      
1 40 0      3 36 0      
50 40 0      2 36 0      
49 40 0      1 36 0      
48 40 0      0 36 0      
47 40 0      49 36 0      
46 40 0      49 37 0      
45 40 0      49 38 0      
44 40 0      48 38 0      
43 40 0      48 39 0      
