10 40 0      40 20 0      
9 40 0       40 20 1      
9 40 0      40 21 0      
8 40 0      40 22 0      
7 40 0      40 23 0      
6 40 0      40 24 0      
5 40 0       40 24 1      
5 40 0      40 25 0      
4 40 0      40 26 0      
3 40 0      41 26 0      
2 40 0       41 26 1      
2 40 0      42 26 0      
1 40 0      43 26 0      
50 40 0      44 26 0      
49 40 0      45 26 0      
48 40 0      46 26 0      
47 40 0      47 26 0      
46 40 0      48 26 0      
45 40 0      49 26 0      
44 40 0      0 26 0      
43 40 0      1 26 0      
42 40 0      2 26 0      
41 40 0      2 25 0      
40 40 0      2 24 0      
39 40 0      2 23 0      
38 40 0      1 23 0      
37 40 0      0 23 0      
36 40 0      49 23 0      
35 40 0      48 23 0      
34 40 0      48 24 0      
33 40 0      48 25 0      
32 40 0      48 26 0      
31 40 0      48 27 0      
30 40 0      48 28 0      
29 40 0      48 29 0      
28 40 0      48 30 0      
27 40 0      47 30 0      
26 40 0      46 30 0      
25 40 0      46 29 0      
24 40 0      46 28 0      
23 40 0      46 27 0      
22 40 0      46 26 0      
21 40 0      46 25 0      
20 40 0      46 24 0      
19 40 0      46 23 0      
18 40 0      46 22 0      
17 40 0      46 21 0      
16 40 0      45 21 0      
15 40 0      44 21 0      
14 40 0      43 21 0      
13 40 1      42 21 0      
12 40 0      41 21 0      
11 40 0       41 21 1      
11 40 0      40 21 0      
10 40 0      39 21 0      
9 40 0       39 21 1      
9 40 0      38 21 0      
8 40 0      37 21 0      
7 40 0      36 21 0      
6 40 0      35 21 0      
5 40 0      34 21 0      
4 40 0      33 21 0      
3 40 0      32 21 0      
2 40 0      31 21 0      
1 40 0      31 22 0      
50 40 0      31 23 0      
49 40 0      31 24 0      
48 40 0      31 25 0      
47 40 0      31 26 0      
46 40 0      31 27 0      
45 40 0      31 28 0      
44 40 0      31 29 0      
43 40 0      31 30 0      
42 40 0      31 31 0      
41 40 0      31 32 0      
40 40 0      31 33 0      
39 40 0      31 34 0      
38 40 0      31 35 0      
37 40 0      31 36 0      
36 40 0      31 37 0      
35 40 0      31 38 0      
34 40 0      31 39 0      
33 40 0      31 40 0      
32 40 0      31 41 0      
31 40 0      31 42 0      
30 40 0      31 43 0      
29 40 0       31 43 1      
29 40 0      31 44 0      
28 40 0      31 45 0      
27 40 0      30 45 0      
26 40 0      29 45 0      
25 40 0      28 45 0      
24 40 0      27 45 0      
23 40 0      26 45 0      
22 40 0      25 45 0      
21 40 0      24 45 0      
20 40 0      23 45 0      
19 40 0      22 45 0      
18 40 0      21 45 0      
17 40 0      20 45 0      
16 40 0       20 45 1      
16 40 0      19 45 0      
15 40 0      18 45 0      
14 40 0      17 45 0      
13 40 0      16 45 0      
12 40 0       16 45 1      
12 40 0      15 45 0      
11 40 0      15 46 0      
10 40 0      15 47 0      
9 40 0      15 48 0      
8 40 0       15 48 1      
8 40 0      15 49 0      
7 40 0      15 50 0      
6 40 0      15 51 0      
5 40 0      15 52 0      
4 40 0      15 3 0      
3 40 0      15 4 0      
2 40 0      15 5 0      
1 40 0      15 6 0      
50 40 0      15 7 0      
49 40 0      15 8 0      
48 40 0      15 9 0      
