10 40 0      40 20 0      
9 40 1      9 40 1      40 21 0      
8 40 1      40 22 0      
7 40 0      40 23 0      
6 40 0       40 23 1      
6 40 0      40 24 0      
5 40 0      40 25 0      
4 40 0      40 26 0      
3 40 1      40 27 0      
2 40 0      40 28 0      
1 40 0      40 29 0      
0 40 1      40 30 0      
49 40 0      40 31 0      
48 40 0      40 32 0      
47 40 0       40 32 1      
47 40 0      40 33 0      
46 40 0      40 34 0      
45 40 0      40 35 0      
44 40 0       40 35 1      
44 40 0      40 36 0      
43 40 0      40 37 0      
42 40 0      41 37 0      
41 40 0      42 37 0      
40 40 0      43 37 0      
39 40 0      44 37 0      
38 40 0      45 37 0      
37 40 0      46 37 0      
36 40 0      46 38 0      
35 40 0      46 39 0      
34 40 0      46 40 0      
33 40 0      46 41 0      
32 40 0      46 42 0      
31 40 0      46 43 0      
30 40 0      46 44 0      
29 40 0      46 45 0      
28 40 0      46 46 0      
27 40 0      46 47 0      
26 40 0      46 48 0      
25 40 0      46 49 0      
24 40 0      47 49 0      
23 40 0      48 49 0      
22 40 0      49 49 0      
21 40 0      0 49 0      
20 40 0      1 49 0      
19 40 0      2 49 0      
18 40 0      3 49 0      
17 40 0      3 50 0      
16 40 0      3 51 0      
15 40 0      3 52 0      
14 40 0      3 3 0      
13 40 0      3 4 0      
12 40 0      3 5 0      
11 40 0      3 6 0      
10 40 0      3 7 0      
9 40 0      3 8 0      
8 40 0      3 9 0      
7 40 0      3 10 0      
6 40 0      3 11 0      
5 40 0      3 12 0      
4 40 0      2 12 0      
