10 40 0      40 20 0      
9 40 0      40 21 0      
8 40 0      40 22 0      
7 40 0       40 22 1      
7 40 0      40 23 0      
6 40 0      40 24 0      
5 40 0      40 25 0      
4 40 0      40 26 0      
3 40 0      40 27 0      
2 40 0      40 28 0      
1 40 0      40 29 0      
50 40 0      40 30 0      
49 40 0      40 31 0      
48 40 0      40 32 0      
47 40 0      40 33 0      
46 40 0      40 34 0      
45 40 0      40 35 0      
44 40 0      40 36 0      
43 40 0      40 37 0      
42 40 0      40 38 0      
41 40 0      40 39 0      
40 40 0      40 40 0      
39 40 0      40 41 0      
38 40 0      40 42 0      
37 40 0       40 42 1      
37 40 0      40 43 0      
36 40 0      40 44 0      
35 40 0      41 44 0      
34 40 0      42 44 0      
33 40 0      43 44 0      
32 40 0      44 44 0      
31 40 0      45 44 0      
30 40 0      46 44 0      
29 40 0      47 44 0      
28 40 0      48 44 0      
27 40 0      49 44 0      
26 40 0      0 44 0      
25 40 0      1 44 0      
24 40 0      2 44 0      
23 40 0      3 44 0      
22 40 0      4 44 0      
21 40 0      5 44 0      
20 40 0      6 44 0      
19 40 0      7 44 0      
18 40 0      8 44 0      
17 40 0      9 44 0      
16 40 0      10 44 0      
15 40 0      11 44 0      
14 40 0      12 44 0      
13 40 0      13 44 0      
12 40 0      14 44 0      
11 40 0      15 44 0      
10 40 0      16 44 0      
9 40 0      17 44 0      
8 40 0      18 44 0      
7 40 0      19 44 0      
6 40 0      20 44 0      
5 40 0      21 44 0      
4 40 0      22 44 0      
3 40 0      23 44 0      
2 40 0      24 44 0      
1 40 0      25 44 0      
50 40 0      26 44 0      
49 40 0      27 44 0      
48 40 0      28 44 0      
47 40 0      29 44 0      
46 40 0      30 44 0      
45 40 0      31 44 0      
44 40 0      31 45 0      
43 40 0      31 46 0      
42 40 0      31 47 0      
41 40 0      31 48 0      
40 40 0       31 48 1      
40 40 0      31 49 0      
39 40 0      31 50 0      
38 40 0      31 51 0      
37 40 0      31 52 0      
36 40 0      31 3 0      
35 40 0      31 4 0      
34 40 0      31 5 0      
33 40 0      31 6 0      
32 40 0      30 6 0      
31 40 0      29 6 0      
30 40 0      28 6 0      
29 40 0      28 5 0      
28 40 0      28 4 0      
27 40 0      28 3 0      
26 40 0      28 52 0      
25 40 0      28 51 0      
24 40 0      28 50 0      
23 40 0      28 49 0      
22 40 0      28 48 0      
21 40 0      28 47 0      
20 40 0      28 46 0      
19 40 0      28 45 0      
