10 40 0      40 20 0      
9 40 1      40 21 0      
8 40 0      40 22 0      
7 40 0      41 22 0      
6 40 0      42 22 0      
5 40 0      43 22 0      
4 40 0      44 22 0      
3 40 0      45 22 0      
2 40 0      46 22 0      
1 40 0      47 22 0      
50 40 0      48 22 0      
49 40 0      48 23 0      
48 40 0      48 24 0      
47 40 0      48 25 0      
46 40 0      48 26 0      
45 40 0      48 27 0      
44 40 0      48 28 0      
43 40 0      48 29 0      
42 40 0      48 30 0      
41 40 0      48 31 0      
40 40 0      48 32 0      
39 40 0      48 33 0      
38 40 0      48 34 0      
37 40 0      48 35 0      
36 40 0      48 36 0      
35 40 0       48 36 1      
35 40 0      48 37 0      
34 40 0      48 38 0      
33 40 0      48 39 0      
32 40 0      48 40 0      
31 40 0      48 41 0      
30 40 0      48 42 0      
29 40 0      48 43 0      
28 40 0      49 43 0      
27 40 0      0 43 0      
26 40 0      1 43 0      
25 40 0      2 43 0      
24 40 0      3 43 0      
23 40 0      4 43 0      
22 40 0      5 43 0      
21 40 0      6 43 0      
20 40 0      7 43 0      
19 40 0      8 43 0      
18 40 0      9 43 0      
17 40 0      10 43 0      
16 40 0      11 43 0      
15 40 0      12 43 0      
14 40 0      13 43 0      
13 40 1      14 43 0      
12 40 0      15 43 0      
11 40 0      16 43 0      
10 40 0      17 43 0      
9 40 0      18 43 0      
8 40 0      18 42 0      
7 40 0      18 41 0      
6 40 0      18 40 0      
5 40 0      18 39 0      
4 40 0      18 38 0      
3 40 0      17 38 0      
2 40 0      16 38 0      
1 40 0      15 38 0      
50 40 0      14 38 0      
49 40 0      13 38 0      
48 40 0      12 38 0      
47 40 0      11 38 0      
