10 40 0      40 20 0      
9 40 0      40 21 0      
8 40 0      40 22 0      
7 40 0      40 23 0      
6 40 0      40 24 0      
5 40 1      40 25 0      
4 40 0      40 26 0      
3 40 0      40 27 0      
2 40 0      40 28 0      
1 40 0      41 28 0      
50 40 0      42 28 0      
49 40 1      43 28 0      
48 40 0      43 29 0      
47 40 0      43 30 0      
46 40 0      43 31 0      
45 40 0      43 32 0      
44 40 0      43 33 0      
43 40 0      43 34 0      
42 40 0      43 35 0      
41 40 0      43 36 0      
40 40 0      43 37 0      
39 40 0      44 37 0      
38 40 0      45 37 0      
37 40 1      46 37 0      
36 40 1      47 37 0      
35 40 0      48 37 0      
34 40 0      49 37 0      
33 40 0       49 37 1      
33 40 0      0 37 0      
32 40 0      1 37 0      
31 40 0      2 37 0      
30 40 0       2 37 1      
30 40 0      3 37 0      
29 40 0      3 38 0      
28 40 0      3 39 0      
27 40 0      3 40 0      
26 40 0      3 41 0      
25 40 0      3 42 0      
24 40 0      3 43 0      
23 40 0      3 44 0      
22 40 0      3 45 0      
21 40 0      3 46 0      
20 40 0      4 46 0      
19 40 0      5 46 0      
18 40 1      6 46 0      
17 40 0      7 46 0      
16 40 0      8 46 0      
15 40 0      9 46 0      
14 40 0      9 47 0      
13 40 0      9 48 0      
12 40 0      9 49 0      
11 40 0      9 50 0      
10 40 0      9 51 0      
9 40 0      9 52 0      
8 40 0      9 3 0      
7 40 0      9 4 0      
6 40 0      9 5 0      
5 40 0      9 6 0      
4 40 0      9 7 0      
3 40 0      9 8 0      
2 40 0      9 9 0      
1 40 0      9 10 0      
50 40 0      9 11 0      
49 40 0      9 12 0      
48 40 0      9 13 0      
47 40 0       9 13 1      
47 40 0      9 14 0      
46 40 0      9 15 0      
