10 40 0      40 20 0      
9 40 0      40 21 0      
8 40 0      40 22 0      
7 40 0      40 23 0      
6 40 0      40 24 0      
5 40 0      41 24 0      
4 40 0      42 24 0      
3 40 0      43 24 0      
2 40 0      44 24 0      
1 40 0      45 24 0      
50 40 0      46 24 0      
49 40 1      47 24 0      
48 40 0       47 24 1      
48 40 0      48 24 0      
47 40 0      49 24 0      
46 40 0      0 24 0      
45 40 0      1 24 0      
44 40 0      2 24 0      
43 40 0      3 24 0      
42 40 0      4 24 0      
41 40 0      5 24 0      
40 40 0      6 24 0      
39 40 0      7 24 0      
38 40 0      8 24 0      
37 40 0      9 24 0      
36 40 0      10 24 0      
35 40 0      10 23 0      
34 40 0      10 22 0      
33 40 0      10 21 0      
32 40 0      10 20 0      
31 40 0      10 19 0      
30 40 0      10 18 0      
29 40 0       10 18 1      
29 40 0      10 17 0      
28 40 0      10 16 0      
27 40 0      10 15 0      
26 40 1      10 14 0      
25 40 0      10 13 0      
24 40 0      10 12 0      
23 40 0      10 11 0      
22 40 0      10 10 0      
21 40 0      10 9 0      
20 40 1      10 8 0      
19 40 0      10 7 0      
18 40 0      10 6 0      
17 40 0      10 5 0      
16 40 0      10 4 0      
15 40 0      10 3 0      
14 40 0      9 53 0      
13 40 0      8 53 0      
12 40 0      7 53 0      
11 40 0      6 53 0      
10 40 0      5 53 0      
9 40 0      4 53 0      
8 40 0      3 53 0      
7 40 0      3 54 0      
6 40 0      3 3 0      
5 40 0      4 3 0      
4 40 0      5 3 0      
3 40 0      6 3 0      
2 40 0      7 3 0      
1 40 0      8 3 0      
50 40 0      9 3 0      
49 40 0      10 3 0      
48 40 0      11 3 0      
47 40 0      12 3 0      
46 40 0      13 3 0      
45 40 0       13 3 1      
45 40 0      14 3 0      
44 40 0      15 3 0      
43 40 0      15 2 0      
42 40 0      15 52 0      
41 40 0      15 51 0      
40 40 0      15 50 0      
39 40 0      15 49 0      
38 40 0      15 48 0      
37 40 0      15 47 0      
36 40 0      15 46 0      
35 40 0      15 45 0      
