10 40 0      40 20 0      
9 40 0      40 21 0      
8 40 0      40 22 0      
7 40 1      40 23 0      
6 40 0      40 24 0      
5 40 0      40 25 0      
4 40 0      40 26 0      
3 40 0      40 27 0      
2 40 0      40 28 0      
1 40 0      40 29 0      
50 40 0      40 30 0      
49 40 0      40 31 0      
48 40 0      40 32 0      
47 40 0      40 33 0      
46 40 0      40 34 0      
45 40 0      40 35 0      
44 40 0      40 36 0      
43 40 0       40 36 1      
43 40 0      41 36 0      
42 40 0      42 36 0      
41 40 0      43 36 0      
40 40 0      44 36 0      
39 40 0      45 36 0      
38 40 0      46 36 0      
37 40 0      47 36 0      
36 40 0      48 36 0      
35 40 0      49 36 0      
34 40 0      -1 37 0      
33 40 0      -1 38 0      
32 40 0      0 38 0      
31 40 0      1 38 0      
30 40 0      1 37 0      
29 40 0      1 36 0      
28 40 0      1 35 0      
27 40 0      2 35 0      
26 40 0      2 34 0      
25 40 0      2 33 0      
24 40 0      2 32 0      
23 40 0      2 31 0      
22 40 0      2 30 0      
21 40 0      2 29 0      
20 40 0      2 28 0      
19 40 0      2 27 0      
18 40 0      2 26 0      
17 40 0      2 25 0      
16 40 0      2 24 0      
15 40 0      2 23 0      
14 40 0      2 22 0      
13 40 0      3 22 0      
12 40 0      4 22 0      
11 40 0      5 22 0      
10 40 0      5 23 0      
9 40 0      5 24 0      
8 40 0      5 25 0      
7 40 0      4 25 0      
6 40 0      3 25 0      
5 40 0      2 25 0      
4 40 0      1 25 0      
3 40 0      0 25 0      
2 40 0      50 26 0      
1 40 0      50 27 0      
50 40 0      50 28 0      
49 40 0      50 29 0      
48 40 0      50 30 0      
47 40 0      50 31 0      
