10 40 0      40 20 0      
9 40 1      40 21 0      
8 40 0      40 22 0      
7 40 0      40 23 0      
6 40 0      40 24 0      
5 40 0      40 25 0      
4 40 0      40 26 0      
3 40 0      40 27 0      
2 40 0      40 28 0      
1 40 0      40 29 0      
0 40 0       40 29 1      
50 40 0      40 30 0      
49 40 0      40 31 0      
48 40 0      40 32 0      
47 40 0       40 32 1      
47 40 0      40 33 0      
46 40 0      40 34 0      
45 40 0      40 35 0      
44 40 0      40 36 0      
43 40 0      40 37 0      
42 40 0       40 37 1      
42 40 1      39 37 0      
41 40 0      38 37 0      
40 40 0      37 37 0      
39 40 0      36 37 0      
38 40 0      35 37 0      
37 40 1      34 37 0      
36 40 0      33 37 0      
35 40 0       33 37 1      
35 40 0      32 37 0      
34 40 0      32 38 0      
33 40 0      32 39 0      
32 40 0       32 39 1      
32 40 0      32 40 0      
31 40 0      33 40 0      
30 40 0      34 40 0      
29 40 0      35 40 0      
28 40 0      35 39 0      
27 40 0      34 39 0      
26 40 0      33 39 0      
25 40 0      32 39 0      
24 40 0      31 39 0      
23 40 0      30 39 0      
22 40 0      29 39 0      
21 40 0      28 39 0      
20 40 0      27 39 0      
19 40 0      26 39 0      
18 40 0      25 39 0      
17 40 0      24 39 0      
16 40 0      23 39 0      
15 40 0      22 39 0      
14 40 0      21 39 0      
13 40 0      20 39 0      
12 40 0      19 39 0      
11 40 0      18 39 0      
10 40 0      17 39 0      
9 40 0      17 40 0      
8 40 0      17 41 0      
7 40 0      17 42 0      
6 40 0      17 43 0      
5 40 0      17 44 0      
4 40 0      17 45 0      
3 40 0      17 46 0      
2 40 0       17 46 1      
2 40 0      17 47 0      
1 40 0      17 48 0      
50 40 0      17 49 0      
49 40 0      17 50 0      
48 40 0      17 51 0      
47 40 0      16 51 0      
46 40 0      15 51 0      
45 40 0      14 51 0      
44 40 0      13 51 0      
43 40 0      12 51 0      
42 40 0      11 51 0      
41 40 0      10 51 0      
40 40 0      9 51 0      
39 40 0      8 51 0      
38 40 0      7 51 0      
37 40 0      6 51 0      
36 40 0      5 51 0      
35 40 0       5 51 1      
35 40 0      4 51 0      
34 40 0      3 51 0      
33 40 0      3 50 0      
32 40 0      3 49 0      
31 40 0      3 48 0      
30 40 0      3 47 0      
29 40 0      2 47 0      
28 40 0      1 47 0      
