10 40 0      40 20 0      
9 40 0      39 20 0      
8 40 0      38 20 0      
7 40 0      37 20 0      
6 40 0      36 20 0      
5 40 0      35 20 0      
4 40 0      34 20 0      
3 40 0      34 19 0      
2 40 0      34 18 0      
1 40 0      34 17 0      
50 40 0      34 16 0      
49 40 0      34 15 0      
48 40 0      34 14 0      
47 40 0      34 13 0      
46 40 0      34 12 0      
45 40 1      34 11 0      
44 40 0       34 11 1      
44 40 1      34 10 0      
43 40 0      34 9 0      
42 40 0      34 8 0      
41 40 0      34 7 0      
40 40 0      34 6 0      
39 40 0      34 5 0      
38 40 0      34 4 0      
37 40 0      34 3 0      
36 40 0      34 52 0      
35 40 0      34 51 0      
34 40 0      33 51 0      
33 40 0      32 51 0      
32 40 0      32 52 0      
31 40 0      32 3 0      
30 40 0      32 4 0      
29 40 0      32 5 0      
28 40 0      32 6 0      
27 40 0      32 7 0      
26 40 0      32 8 0      
25 40 0      32 9 0      
24 40 0      32 10 0      
23 40 0      32 11 0      
22 40 0      32 12 0      
21 40 0      32 13 0      
20 40 0      32 14 0      
19 40 0      32 15 0      
18 40 0      32 16 0      
17 40 0      32 17 0      
16 40 0      33 17 0      
15 40 0      34 17 0      
14 40 0      35 17 0      
13 40 0      36 17 0      
12 40 0      37 17 0      
11 40 0      38 17 0      
10 40 0      39 17 0      
9 40 0      40 17 0      
8 40 0      41 17 0      
7 40 0      42 17 0      
6 40 0      43 17 0      
5 40 0      44 17 0      
4 40 0      45 17 0      
3 40 0      46 17 0      
2 40 0      47 17 0      
1 40 0       47 17 1      
1 40 0      48 17 0      
50 40 0      48 18 0      
49 40 0      48 19 0      
48 40 0      48 20 0      
47 40 0      48 21 0      
46 40 0      48 22 0      
45 40 0      48 23 0      
44 40 0      48 24 0      
43 40 0      48 25 0      
42 40 0      48 26 0      
41 40 0      49 26 0      
40 40 0      0 26 0      
39 40 0      1 26 0      
38 40 0      2 26 0      
37 40 0      3 26 0      
