10 40 0      40 20 0      
9 40 0      40 21 0      
8 40 0      40 22 0      
7 40 0      40 23 0      
6 40 0      40 24 0      
5 40 0      40 25 0      
4 40 0      40 26 0      
3 40 0      41 26 0      
2 40 0      42 26 0      
1 40 0      43 26 0      
0 40 1      43 27 0      
49 40 0      43 28 0      
48 40 0      43 29 0      
47 40 0      43 30 0      
46 40 0      43 31 0      
45 40 0      43 32 0      
44 40 0      43 33 0      
43 40 0      43 34 0      
42 40 0      43 35 0      
41 40 0      43 36 0      
40 40 0      43 37 0      
39 40 0      43 38 0      
38 40 0      43 39 0      
37 40 0      43 40 0      
36 40 0      43 41 0      
35 40 0      43 42 0      
34 40 0      43 43 0      
33 40 0       43 43 1      
33 40 0      43 44 0      
32 40 0      43 45 0      
31 40 0      43 46 0      
30 40 0      43 47 0      
29 40 0      42 47 0      
28 40 0      41 47 0      
27 40 0      40 47 0      
26 40 0      39 47 0      
25 40 0      38 47 0      
24 40 0      37 47 0      
23 40 0      36 47 0      
22 40 0      35 47 0      
21 40 0      34 47 0      
20 40 0      33 47 0      
19 40 0      32 47 0      
18 40 0      31 47 0      
17 40 0       31 47 1      
17 40 0      30 47 0      
16 40 0      30 46 0      
15 40 0      30 45 0      
14 40 0      30 44 0      
13 40 0      30 43 0      
12 40 0      30 42 0      
11 40 0       30 42 1      
11 40 0      30 41 0      
10 40 0      30 40 0      
9 40 0      30 39 0      
8 40 0      30 38 0      
7 40 0      30 37 0      
6 40 0      30 36 0      
5 40 0      30 35 0      
4 40 0      30 34 0      
3 40 0      30 33 0      
2 40 0      30 32 0      
1 40 0      30 31 0      
50 40 0      31 31 0      
49 40 0      32 31 0      
48 40 0      33 31 0      
47 40 0      34 31 0      
46 40 0       34 31 1      
46 40 0      35 31 0      
45 40 0      36 31 0      
44 40 0      37 31 0      
43 40 0      38 31 0      
42 40 0      39 31 0      
41 40 0      40 31 0      
40 40 0      41 31 0      
39 40 0      42 31 0      
