10 40 0      40 20 0      
9 40 0      40 21 0      
8 40 0      40 22 0      
7 40 0      40 23 0      
6 40 0      40 24 0      
5 40 0      40 25 0      
4 40 0      40 26 0      
3 40 0      40 27 0      
2 40 0      40 28 0      
1 40 0      40 29 0      
0 40 1      40 30 0      
49 40 0      40 31 0      
48 40 0      40 32 0      
47 40 0       40 32 1      
47 40 0      40 33 0      
46 40 0      40 34 0      
45 40 0      40 35 0      
44 40 0      40 36 0      
43 40 0      40 37 0      
42 40 0      40 38 0      
41 40 0      40 39 0      
40 40 0      41 39 0      
39 40 0      42 39 0      
38 40 0      43 39 0      
37 40 0      44 39 0      
36 40 0      45 39 0      
35 40 0      46 39 0      
34 40 0      47 39 0      
33 40 0      48 39 0      
32 40 0      49 39 0      
31 40 0      0 39 0      
30 40 0      1 39 0      
29 40 0      2 39 0      
28 40 0      2 38 0      
27 40 0      2 37 0      
26 40 0      2 36 0      
25 40 0      2 35 0      
24 40 0      2 34 0      
23 40 0      2 33 0      
22 40 0      2 32 0      
21 40 0      2 31 0      
20 40 0      2 30 0      
19 40 0      2 29 0      
18 40 0      1 29 0      
17 40 0      0 29 0      
16 40 0      50 28 0      
15 40 0      50 27 0      
14 40 0      50 26 0      
13 40 0      50 25 0      
12 40 0      50 24 0      
11 40 0      50 23 0      
10 40 0      50 22 0      
9 40 0      50 21 0      
8 40 0      49 21 0      
7 40 0      48 21 0      
6 40 0      47 21 0      
5 40 0      46 21 0      
4 40 0      45 21 0      
3 40 0      44 21 0      
2 40 0      43 21 0      
1 40 0      42 21 0      
50 40 0      41 21 0      
49 40 0      40 21 0      
48 40 0      39 21 0      
47 40 0      38 21 0      
46 40 0      37 21 0      
45 40 0      36 21 0      
44 40 0      35 21 0      
43 40 0      34 21 0      
42 40 0      33 21 0      
41 40 0      32 21 0      
40 40 0      31 21 0      
39 40 0      30 21 0      
38 40 0      29 21 0      
37 40 0      28 21 0      
36 40 0      27 21 0      
35 40 0      26 21 0      
