10 40 0      40 20 0      
9 40 0      40 21 0      
8 40 0      40 22 0      
7 40 0      40 23 0      
6 40 0      40 24 0      
5 40 0      40 25 0      
4 40 0      40 26 0      
3 40 0      40 27 0      
2 40 0      40 28 0      
1 40 0      40 29 0      
50 40 0      41 29 0      
49 40 0      42 29 0      
48 40 0       42 29 1      
48 40 0      42 30 0      
47 40 0      43 30 0      
46 40 0      44 30 0      
45 40 0      45 30 0      
44 40 0      46 30 0      
43 40 0      46 29 0      
42 40 0      46 28 0      
41 40 0      47 28 0      
40 40 0      48 28 0      
39 40 0      49 28 0      
38 40 0      0 28 0      
37 40 0      1 28 0      
36 40 0      2 28 0      
35 40 0      3 28 0      
34 40 0      3 29 0      
33 40 0      3 30 0      
32 40 0      3 31 0      
31 40 1      3 32 0      
30 40 0      3 33 0      
29 40 0      2 33 0      
28 40 0      2 34 0      
27 40 0      2 35 0      
26 40 0      2 36 0      
25 40 0      2 37 0      
24 40 0      2 38 0      
23 40 0      2 39 0      
22 40 0      3 39 0      
21 40 0      4 39 0      
20 40 0      5 39 0      
19 40 0      6 39 0      
18 40 0      7 39 0      
17 40 0      8 39 0      
16 40 0      9 39 0      
15 40 0      10 39 0      
14 40 0      11 39 0      
13 40 0      12 39 0      
12 40 0      12 38 0      
11 40 0      12 37 0      
10 40 0      12 36 0      
9 40 0      12 35 0      
8 40 0      12 34 0      
7 40 0      12 33 0      
6 40 0      12 32 0      
5 40 0      12 31 0      
4 40 0      12 30 0      
3 40 0      12 29 0      
2 40 0      12 28 0      
1 40 0      12 27 0      
50 40 0      12 26 0      
49 40 0      12 25 0      
48 40 0      12 24 0      
47 40 0      12 23 0      
46 40 0      13 23 0      
45 40 0      14 23 0      
44 40 0      15 23 0      
43 40 0      16 23 0      
42 40 0      17 23 0      
41 40 0      18 23 0      
40 40 0      19 23 0      
