10 40 0      40 20 0      
9 40 0      40 21 0      
8 40 0      40 22 0      
7 40 0      40 23 0      
6 40 0      40 24 0      
5 40 0      40 25 0      
4 40 0      40 26 0      
3 40 0      40 27 0      
2 40 0      40 28 0      
1 40 0      40 29 0      
50 40 0      39 29 0      
49 40 0      38 29 0      
48 40 0      37 29 0      
47 40 0      36 29 0      
46 40 0      35 29 0      
45 40 0      35 30 0      
44 40 0      35 31 0      
43 40 1      34 31 0      
42 40 0      33 31 0      
41 40 0      32 31 0      
40 40 0      32 32 0      
39 40 0      32 33 0      
38 40 0      32 34 0      
37 40 0      32 35 0      
36 40 0      32 36 0      
35 40 0      32 37 0      
34 40 0      32 38 0      
33 40 0      32 39 0      
32 40 0      32 40 0      
31 40 0      32 41 0      
30 40 0      32 42 0      
29 40 0      32 43 0      
28 40 0      32 44 0      
27 40 0      32 45 0      
26 40 1      32 46 0      
25 40 0      32 47 0      
24 40 0      32 48 0      
23 40 0      32 49 0      
22 40 0      32 50 0      
21 40 0      32 51 0      
20 40 0      32 52 0      
19 40 0      32 3 0      
18 40 0      32 4 0      
17 40 0      32 5 0      
16 40 0      32 6 0      
15 40 0      32 7 0      
14 40 0      32 8 0      
13 40 0      32 9 0      
12 40 0      32 10 0      
11 40 0      32 11 0      
10 40 0      32 12 0      
9 40 0      31 12 0      
8 40 0      30 12 0      
7 40 0      29 12 0      
6 40 0      28 12 0      
5 40 0      27 12 0      
4 40 0      26 12 0      
3 40 0      25 12 0      
2 40 0      24 12 0      
1 40 0      23 12 0      
50 40 0      22 12 0      
49 40 0      21 12 0      
48 40 0      20 12 0      
47 40 0      19 12 0      
46 40 0      18 12 0      
45 40 0      17 12 0      
44 40 0       17 12 1      
44 40 0      16 12 0      
43 40 0      15 12 0      
42 40 0      14 12 0      
41 40 0      13 12 0      
40 40 0      12 12 0      
39 40 0      12 13 0      
38 40 0      12 14 0      
37 40 0      12 15 0      
36 40 0      12 16 0      
35 40 0      12 17 0      
34 40 0      12 18 0      
