10 40 0      40 20 0      
9 40 0      40 21 0      
8 40 0      40 22 0      
7 40 0      40 23 0      
6 40 0      40 24 0      
5 40 0      40 25 0      
4 40 0      40 26 0      
3 40 0      40 27 0      
2 40 0      41 27 0      
1 40 0      42 27 0      
50 40 0      43 27 0      
49 40 0      44 27 0      
48 40 0      44 28 0      
47 40 1      44 29 0      
46 40 0      44 30 0      
45 40 0      43 30 0      
44 40 0      42 30 0      
43 40 1      41 30 0      
42 40 0      41 31 0      
41 40 0      41 32 0      
40 40 0      41 33 0      
39 40 0      41 34 0      
38 40 0      41 35 0      
37 40 0      41 36 0      
36 40 0      42 36 0      
35 40 0      43 36 0      
34 40 0      44 36 0      
33 40 0      45 36 0      
32 40 0      46 36 0      
31 40 0      47 36 0      
30 40 0      48 36 0      
29 40 0      49 36 0      
28 40 0      0 36 0      
27 40 0      0 35 0      
26 40 0      0 34 0      
25 40 0      1 34 0      
24 40 0      2 34 0      
23 40 0      3 34 0      
22 40 0      4 34 0      
21 40 0      5 34 0      
20 40 0      6 34 0      
19 40 0      7 34 0      
18 40 0       7 34 1      
18 40 0      7 33 0      
17 40 1      6 33 0      
16 40 0      5 33 0      
15 40 0      4 33 0      
14 40 0      3 33 0      
13 40 0       3 33 1      
13 40 0      2 33 0      
12 40 0      1 33 0      
11 40 0      0 33 0      
10 40 0      49 33 0      
9 40 0      48 33 0      
8 40 0      47 33 0      
7 40 0      46 33 0      
6 40 0      46 32 0      
5 40 0      46 31 0      
4 40 0      46 30 0      
3 40 0      47 30 0      
2 40 0      48 30 0      
1 40 0       48 30 1      
1 40 0      49 30 0      
50 40 0      0 30 0      
49 40 0       0 30 1      
49 40 0      1 30 0      
48 40 0      2 30 0      
47 40 0      3 30 0      
46 40 0      4 30 0      
45 40 0      5 30 0      
44 40 0      6 30 0      
43 40 0      7 30 0      
42 40 0      8 30 0      
41 40 0      9 30 0      
40 40 0      10 30 0      
39 40 0      11 30 0      
38 40 0      12 30 0      
