10 40 0      40 20 0      
9 40 0      40 21 0      
8 40 0      40 22 0      
7 40 0      40 23 0      
6 40 0      40 24 0      
5 40 0      41 24 0      
4 40 0      42 24 0      
3 40 0      43 24 0      
2 40 0      44 24 0      
1 40 0       44 24 1      
1 40 0      45 24 0      
50 40 0      46 24 0      
49 40 0      47 24 0      
48 40 0       47 24 1      
48 40 0      48 24 0      
47 40 0      49 24 0      
46 40 0      0 24 0      
45 40 0      1 24 0      
44 40 0      2 24 0      
43 40 0      3 24 0      
42 40 0      4 24 0      
41 40 0      5 24 0      
40 40 0       5 24 1      
40 40 0      6 24 0      
39 40 0       6 24 1      
39 40 0      7 24 0      
38 40 0      8 24 0      
37 40 0      9 24 0      
36 40 0      10 24 0      
35 40 0      11 24 0      
34 40 0      12 24 0      
33 40 0      13 24 0      
32 40 0      14 24 0      
31 40 0      15 24 0      
30 40 0      15 23 0      
29 40 0      15 22 0      
28 40 0      15 21 0      
27 40 0      15 20 0      
26 40 0      15 19 0      
25 40 0      15 18 0      
24 40 0      15 17 0      
23 40 0      16 17 0      
22 40 0      17 17 0      
21 40 0      18 17 0      
20 40 0      18 18 0      
19 40 0      18 19 0      
18 40 0      18 20 0      
17 40 0      18 21 0      
16 40 0      18 22 0      
15 40 0      19 22 0      
14 40 0      19 21 0      
13 40 0      19 20 0      
12 40 0      19 19 0      
11 40 0      19 18 0      
10 40 0      19 17 0      
9 40 0      19 16 0      
8 40 0      19 15 0      
7 40 0      20 15 0      
6 40 0      20 16 0      
5 40 0      20 17 0      
4 40 0      20 18 0      
3 40 0      20 19 0      
2 40 0      20 20 0      
1 40 0      20 21 0      
50 40 0      20 22 0      
49 40 0      20 23 0      
48 40 0      20 24 0      
47 40 0      20 25 0      
46 40 0      20 26 0      
45 40 0      20 27 0      
44 40 0      21 27 0      
43 40 0      22 27 0      
42 40 0      23 27 0      
41 40 0      24 27 0      
40 40 0      25 27 0      
39 40 0      26 27 0      
38 40 0      27 27 0      
37 40 0      28 27 0      
36 40 0      29 27 0      
35 40 0      30 27 0      
34 40 0      31 27 0      
33 40 0      32 27 0      
32 40 0      33 27 0      
31 40 0      33 28 0      
30 40 0      33 29 0      
29 40 0      33 30 0      
28 40 0      33 31 0      
27 40 0      33 32 0      
