10 40 0      40 20 0      
9 40 0      40 21 0      
8 40 0      40 22 0      
7 40 0      40 23 0      
6 40 0      40 24 0      
5 40 0      40 25 0      
4 40 0      40 26 0      
3 40 0      41 26 0      
2 40 0      42 26 0      
1 40 0      43 26 0      
50 40 0      44 26 0      
49 40 0      45 26 0      
48 40 1      46 26 0      
47 40 0      47 26 0      
46 40 0      48 26 0      
45 40 0      49 26 0      
44 40 0      0 26 0      
43 40 0      1 26 0      
42 40 0      2 26 0      
41 40 1      3 26 0      
40 40 0      4 26 0      
39 40 0      5 26 0      
38 40 0      6 26 0      
37 40 0      7 26 0      
36 40 0      8 26 0      
35 40 0      9 26 0      
34 40 0      10 26 0      
33 40 0      11 26 0      
32 40 0      12 26 0      
31 40 0      12 27 0      
30 40 0      12 28 0      
29 40 0      12 29 0      
28 40 0      12 30 0      
27 40 0      12 31 0      
26 40 0      12 32 0      
25 40 0      12 33 0      
24 40 0      12 34 0      
23 40 0      12 35 0      
22 40 0      11 35 0      
21 40 0      11 34 0      
20 40 0      11 33 0      
19 40 0      11 32 0      
18 40 0      11 31 0      
17 40 0      12 31 0      
16 40 0      13 31 0      
15 40 0      13 32 0      
14 40 0      13 33 0      
13 40 0      13 34 0      
12 40 0      12 34 0      
11 40 0      11 34 0      
10 40 0      10 34 0      
9 40 0      9 34 0      
8 40 0      8 34 0      
7 40 0      7 34 0      
6 40 0      6 34 0      
5 40 0      5 34 0      
4 40 0      4 34 0      
3 40 0      3 34 0      
2 40 0      2 34 0      
1 40 0      1 34 0      
50 40 0      0 34 0      
49 40 0      49 34 0      
48 40 0      48 34 0      
47 40 0      47 34 0      
46 40 0       47 34 1      
46 40 0      46 34 0      
45 40 0      45 34 0      
44 40 0      45 33 0      
43 40 0      45 32 0      
42 40 0      45 31 0      
41 40 0      45 30 0      
40 40 0      44 30 0      
39 40 0      43 30 0      
38 40 0      42 30 0      
37 40 0      41 30 0      
36 40 0      41 29 0      
