10 40 0      40 20 0      
9 40 0      40 21 0      
8 40 0      40 22 0      
7 40 0      40 23 0      
6 40 0      40 24 0      
5 40 1      40 25 0      
4 40 0      39 25 0      
3 40 0      38 25 0      
2 40 0      37 25 0      
1 40 0      36 25 0      
50 40 0      35 25 0      
49 40 0      34 25 0      
48 40 0      33 25 0      
47 40 0      32 25 0      
46 40 0      31 25 0      
45 40 0      30 25 0      
44 40 0      29 25 0      
43 40 0      28 25 0      
42 40 0      27 25 0      
41 40 0      26 25 0      
40 40 0      25 25 0      
39 40 0      24 25 0      
38 40 0      23 25 0      
37 40 0      23 24 0      
36 40 0      22 24 0      
35 40 0      21 24 0      
34 40 0      20 24 0      
33 40 0      19 24 0      
32 40 0      18 24 0      
31 40 0       18 24 1      
31 40 0      17 24 0      
30 40 0      16 24 0      
29 40 0      15 24 0      
28 40 0      15 23 0      
27 40 0      15 22 0      
26 40 0      15 21 0      
25 40 0       15 21 1      
25 40 0      15 20 0      
24 40 0      15 19 0      
23 40 1      15 18 0      
22 40 0      15 17 0      
21 40 0      15 16 0      
20 40 0      15 15 0      
19 40 0       15 15 1      
19 40 0      16 15 0      
18 40 0      17 15 0      
17 40 0      18 15 0      
16 40 1      19 15 0      
15 40 0      20 15 0      
14 40 1      21 15 0      
13 40 0      22 15 0      
12 40 0      23 15 0      
11 40 0      24 15 0      
10 40 0      25 15 0      
9 40 0      26 15 0      
8 40 0      27 15 0      
7 40 0      28 15 0      
6 40 0      29 15 0      
5 40 0      29 16 0      
4 40 0      29 17 0      
3 40 0      29 18 0      
2 40 0      29 19 0      
1 40 0      28 19 0      
50 40 0      27 19 0      
49 40 0      26 19 0      
48 40 0      26 18 0      
47 40 0      26 17 0      
46 40 0      26 16 0      
