10 40 0      40 20 0      
9 40 0      40 21 0      
8 40 0      40 22 0      
7 40 0      40 23 0      
6 40 0      40 24 0      
5 40 0      40 25 0      
4 40 0      40 26 0      
3 40 0      40 27 0      
2 40 0      40 28 0      
1 40 0      40 29 0      
50 40 0      40 30 0      
49 40 0      39 30 0      
48 40 0      38 30 0      
47 40 0      37 30 0      
46 40 0      36 30 0      
45 40 0      35 30 0      
44 40 0      34 30 0      
43 40 0      33 30 0      
42 40 0      32 30 0      
41 40 0      31 30 0      
40 40 0      30 30 0      
39 40 0      29 30 0      
38 40 0      28 30 0      
37 40 0      27 30 0      
36 40 0       27 30 1      
36 40 0      26 30 0      
35 40 0      25 30 0      
34 40 0      24 30 0      
33 40 0      23 30 0      
32 40 0      22 30 0      
31 40 0      21 30 0      
30 40 0      20 30 0      
29 40 0      19 30 0      
28 40 0      18 30 0      
27 40 0      17 30 0      
26 40 0      16 30 0      
25 40 0      15 30 0      
24 40 0      14 30 0      
23 40 0      13 30 0      
22 40 0      12 30 0      
21 40 0      11 30 0      
20 40 0      10 30 0      
19 40 0      9 30 0      
18 40 0      8 30 0      
17 40 0      8 29 0      
16 40 0      8 28 0      
15 40 0      8 27 0      
14 40 0      8 26 0      
13 40 0      8 25 0      
12 40 0      8 24 0      
11 40 0      8 23 0      
10 40 0      8 22 0      
9 40 0      8 21 0      
8 40 0      8 20 0      
7 40 0      8 19 0      
6 40 0      8 18 0      
5 40 0      7 18 0      
4 40 0      6 18 0      
3 40 0      5 18 0      
2 40 0      4 18 0      
1 40 0      3 18 0      
50 40 0      2 18 0      
49 40 0      1 18 0      
48 40 0      0 18 0      
47 40 0      50 17 0      
46 40 0      50 16 0      
45 40 0      50 15 0      
44 40 0      50 14 0      
43 40 0      50 13 0      
42 40 0      50 12 0      
41 40 0      50 11 0      
40 40 0      49 11 0      
39 40 0      48 11 0      
38 40 0      47 11 0      
37 40 0      46 11 0      
36 40 0       46 11 1      
36 40 0      45 11 0      
35 40 0      44 11 0      
34 40 0      43 11 0      
33 40 0      42 11 0      
32 40 0      42 12 0      
31 40 0      42 13 0      
30 40 0       42 13 1      
30 40 0      42 14 0      
29 40 0       42 14 1      
