10 40 0      40 20 0      
9 40 0      40 21 0      
8 40 0      40 22 0      
7 40 0      40 23 0      
6 40 0      40 24 0      
5 40 0      39 24 0      
4 40 0      38 24 0      
3 40 0      37 24 0      
2 40 0      36 24 0      
1 40 0      35 24 0      
50 40 0      34 24 0      
49 40 0      33 24 0      
48 40 0      33 25 0      
47 40 1      33 26 0      
46 40 0      32 26 0      
45 40 0      31 26 0      
44 40 0      30 26 0      
43 40 0      29 26 0      
42 40 0      28 26 0      
41 40 0      27 26 0      
40 40 0      26 26 0      
39 40 0      25 26 0      
38 40 0      24 26 0      
37 40 0      23 26 0      
36 40 0      22 26 0      
35 40 1      35 40 1      21 26 0      
34 40 0      21 25 0      
33 40 0      22 25 0      
32 40 0       22 25 1      
32 40 0      23 25 0      
31 40 0      24 25 0      
30 40 0      25 25 0      
29 40 0      26 25 0      
28 40 0      27 25 0      
27 40 0      28 25 0      
26 40 0      29 25 0      
25 40 0      30 25 0      
24 40 0      31 25 0      
23 40 0      32 25 0      
22 40 0      33 25 0      
21 40 0      34 25 0      
20 40 0      35 25 0      
19 40 0      36 25 0      
18 40 0      37 25 0      
17 40 0      38 25 0      
16 40 0      39 25 0      
15 40 0      40 25 0      
14 40 0      41 25 0      
13 40 0      42 25 0      
12 40 1      43 25 0      
11 40 0      44 25 0      
10 40 0      45 25 0      
9 40 0      45 24 0      
8 40 0      45 23 0      
7 40 0      45 22 0      
6 40 0      45 21 0      
5 40 0      45 20 0      
4 40 0      46 20 0      
3 40 0      46 21 0      
2 40 0      46 22 0      
1 40 0      46 23 0      
50 40 0      46 24 0      
49 40 0      46 25 0      
48 40 0      46 26 0      
47 40 0      46 27 0      
46 40 0       46 27 1      
46 40 0      46 28 0      
45 40 0      46 29 0      
44 40 0      46 30 0      
43 40 0      46 31 0      
42 40 0      46 32 0      
41 40 0      45 32 0      
40 40 0      44 32 0      
39 40 0      43 32 0      
38 40 0      42 32 0      
37 40 0      41 32 0      
36 40 0      40 32 0      
35 40 0      39 32 0      
