10 40 0      40 20 0      
9 40 0      40 21 0      
8 40 0      40 22 0      
7 40 0      41 22 0      
6 40 0      42 22 0      
5 40 0      43 22 0      
4 40 0      43 23 0      
3 40 0      43 24 0      
2 40 0      43 25 0      
1 40 0      43 26 0      
50 40 0      43 27 0      
49 40 0      43 28 0      
48 40 1      43 29 0      
47 40 0      43 30 0      
46 40 0      43 31 0      
45 40 0      43 32 0      
44 40 0      43 33 0      
43 40 0      43 34 0      
42 40 0      43 35 0      
41 40 0      44 35 0      
40 40 0      45 35 0      
39 40 0      46 35 0      
38 40 0      46 36 0      
37 40 0      46 37 0      
36 40 0      45 37 0      
35 40 0      44 37 0      
34 40 0      43 37 0      
33 40 0      42 37 0      
32 40 0      41 37 0      
31 40 1      40 37 0      
30 40 0      39 37 0      
29 40 0      38 37 0      
28 40 0      37 37 0      
27 40 0      37 38 0      
26 40 0      37 39 0      
25 40 0      37 40 0      
24 40 0      37 41 0      
23 40 0      37 42 0      
22 40 0      37 43 0      
21 40 1      37 44 0      
20 40 0       37 44 1      
20 40 0      36 44 0      
19 40 0      35 44 0      
18 40 0      34 44 0      
17 40 0      33 44 0      
16 40 0      32 44 0      
15 40 0      31 44 0      
14 40 0      30 44 0      
13 40 0       30 44 1      
13 40 0      30 43 0      
12 40 0      30 42 0      
11 40 0       30 42 1      
11 40 0      30 41 0      
10 40 0      30 40 0      
9 40 0      30 39 0      
8 40 0      30 38 0      
7 40 0      30 37 0      
6 40 0      30 36 0      
5 40 0      30 35 0      
4 40 0      30 34 0      
3 40 0      30 33 0      
2 40 0      31 33 0      
1 40 0      32 33 0      
50 40 0      33 33 0      
49 40 0      34 33 0      
48 40 0      34 34 0      
47 40 0      34 35 0      
46 40 0      34 36 0      
45 40 0      34 37 0      
44 40 0      33 37 0      
43 40 0      32 37 0      
42 40 0       32 37 1      
42 40 0      32 38 0      
41 40 0      32 39 0      
40 40 0      32 40 0      
39 40 0      32 41 0      
38 40 0      32 42 0      
37 40 0      32 43 0      
36 40 0      32 44 0      
35 40 0      31 44 0      
34 40 0      30 44 0      
