10 40 0      40 20 0      
9 40 0      40 21 0      
8 40 0      40 22 0      
7 40 0      40 23 0      
6 40 0      40 24 0      
5 40 0      40 25 0      
4 40 0      40 26 0      
3 40 1      40 27 0      
2 40 0      40 28 0      
1 40 0      40 29 0      
0 40 0       40 29 1      
50 40 0      40 30 0      
49 40 0      40 31 0      
48 40 0      40 32 0      
47 40 0      40 33 0      
46 40 0       40 33 1      
46 40 0      40 34 0      
45 40 0      40 35 0      
44 40 1      40 36 0      
43 40 0       40 36 1      
43 40 0      40 37 0      
42 40 0       40 37 1      
42 40 0      40 38 0      
41 40 0       40 38 1      
41 40 1      40 39 0      
40 40 0      40 40 0      
39 40 0      40 41 0      
38 40 0      40 42 0      
37 40 0      40 43 0      
36 40 1      39 43 0      
35 40 0      38 43 0      
34 40 0      37 43 0      
33 40 0      36 43 0      
32 40 0      35 43 0      
31 40 0      34 43 0      
30 40 0      33 43 0      
29 40 0      32 43 0      
28 40 0      31 43 0      
27 40 0      30 43 0      
26 40 1      29 43 0      
25 40 0      28 43 0      
24 40 0      27 43 0      
23 40 0      26 43 0      
22 40 0      25 43 0      
21 40 0      24 43 0      
20 40 0      24 42 0      
19 40 0      24 41 0      
18 40 0      24 40 0      
17 40 0      24 39 0      
16 40 0      24 38 0      
15 40 0      24 37 0      
14 40 0      24 36 0      
13 40 0      24 35 0      
12 40 0      24 34 0      
11 40 0      24 33 0      
10 40 0      24 32 0      
9 40 0       24 32 1      
9 40 0      24 31 0      
8 40 0      24 30 0      
7 40 0      24 29 0      
6 40 0      24 28 0      
5 40 0      24 27 0      
4 40 0      24 26 0      
3 40 0      24 25 0      
2 40 0      24 24 0      
1 40 0      24 23 0      
0 40 0       24 23 1      
50 40 0      25 23 0      
49 40 0      26 23 0      
48 40 0      27 23 0      
47 40 0      28 23 0      
46 40 0      29 23 0      
45 40 0      30 23 0      
44 40 0      31 23 0      
43 40 0      32 23 0      
42 40 0      33 23 0      
