10 40 0      40 20 0      
9 40 0      40 21 0      
8 40 0      40 22 0      
7 40 0      40 23 0      
6 40 0      40 24 0      
5 40 0      40 25 0      
4 40 1      40 26 0      
3 40 0      40 27 0      
2 40 0      40 28 0      
1 40 0      40 29 0      
50 40 0      40 30 0      
49 40 0      40 31 0      
48 40 0      40 32 0      
47 40 0      40 33 0      
46 40 0      40 34 0      
45 40 0      40 35 0      
44 40 0      40 36 0      
43 40 0      40 37 0      
42 40 0      40 38 0      
41 40 1      40 39 0      
40 40 0      41 39 0      
39 40 0      42 39 0      
38 40 0      43 39 0      
37 40 0      43 40 0      
36 40 0      43 41 0      
35 40 0      42 41 0      
34 40 0      42 42 0      
33 40 0      42 43 0      
32 40 0      42 44 0      
31 40 0      42 45 0      
30 40 0      42 46 0      
29 40 0      41 46 0      
28 40 0      40 46 0      
27 40 0      39 46 0      
26 40 0      38 46 0      
25 40 0      37 46 0      
24 40 0      36 46 0      
23 40 0      36 45 0      
22 40 0      36 44 0      
21 40 0      36 43 0      
20 40 0      36 42 0      
19 40 0      36 41 0      
18 40 0      36 40 0      
17 40 0      36 39 0      
16 40 0      36 38 0      
15 40 0      36 37 0      
14 40 1      36 36 0      
13 40 0      36 35 0      
12 40 0      36 34 0      
11 40 0      36 33 0      
10 40 0      36 32 0      
9 40 0      36 31 0      
8 40 0      36 30 0      
7 40 0      36 29 0      
6 40 0      37 29 0      
5 40 0      38 29 0      
4 40 0      39 29 0      
3 40 0      39 30 0      
2 40 0      39 31 0      
1 40 0       39 31 1      
1 40 0      39 32 0      
50 40 0      39 33 0      
49 40 0      39 34 0      
48 40 0      40 34 0      
47 40 0      41 34 0      
46 40 0      42 34 0      
45 40 0      43 34 0      
