10 40 0      40 20 0      
9 40 0      41 20 0      
8 40 0      42 20 0      
7 40 1      43 20 0      
6 40 1      44 20 0      
5 40 1      45 20 0      
4 40 0      46 20 0      
3 40 0      47 20 0      
2 40 0      48 20 0      
1 40 0      49 20 0      
50 40 0      0 20 0      
49 40 0      1 20 0      
48 40 0      2 20 0      
47 40 1      3 20 0      
46 40 0      4 20 0      
45 40 0      5 20 0      
44 40 0      6 20 0      
43 40 0      7 20 0      
42 40 0      7 21 0      
41 40 0      7 22 0      
40 40 0      7 23 0      
39 40 0      7 24 0      
38 40 0      7 25 0      
37 40 0      7 26 0      
36 40 0      7 27 0      
35 40 0      7 28 0      
34 40 0      7 29 0      
33 40 0      7 30 0      
32 40 0      7 31 0      
31 40 0      7 32 0      
30 40 0      7 33 0      
29 40 0      7 34 0      
28 40 0      7 35 0      
27 40 0      6 35 0      
26 40 0      6 36 0      
25 40 0      6 37 0      
24 40 0      6 38 0      
23 40 0      6 39 0      
22 40 0      7 39 0      
21 40 0      7 40 0      
20 40 0      7 41 0      
19 40 0      7 42 0      
18 40 0       7 42 1      
18 40 0      7 43 0      
17 40 0      8 43 0      
16 40 0      9 43 0      
15 40 0      10 43 0      
14 40 0       10 43 1      
14 40 0      11 43 0      
13 40 0      12 43 0      
12 40 0      12 42 0      
11 40 0      11 42 0      
10 40 0      11 43 0      
9 40 0      11 44 0      
8 40 0       11 44 1      
8 40 0      11 45 0      
7 40 0      11 46 0      
6 40 0      11 47 0      
5 40 0      11 48 0      
4 40 0      11 49 0      
3 40 0      10 49 0      
2 40 0      9 49 0      
1 40 0      8 49 0      
50 40 0      8 50 0      
49 40 0      8 51 0      
48 40 0      7 51 0      
47 40 0      6 51 0      
46 40 0      5 51 0      
45 40 0      4 51 0      
44 40 0      3 51 0      
43 40 0      2 51 0      
42 40 0      2 50 0      
41 40 0      2 49 0      
40 40 0      3 49 0      
39 40 0      4 49 0      
38 40 0      5 49 0      
37 40 0      6 49 0      
36 40 0      6 48 0      
35 40 0      6 47 0      
34 40 0      6 46 0      
33 40 0      6 45 0      
32 40 0      6 44 0      
