10 40 0      40 20 0      
9 40 0      40 21 0      
8 40 0      41 21 0      
7 40 0      42 21 0      
6 40 0      42 22 0      
5 40 0      42 23 0      
4 40 0      42 24 0      
3 40 0      42 25 0      
2 40 0      42 26 0      
1 40 0      42 27 0      
50 40 0      42 28 0      
49 40 0       42 28 1      
49 40 0      42 29 0      
48 40 0      42 30 0      
47 40 0      42 31 0      
46 40 0      42 32 0      
45 40 0      42 33 0      
44 40 0      42 34 0      
43 40 0      42 35 0      
42 40 0      42 36 0      
41 40 0      42 37 0      
40 40 0      42 38 0      
39 40 0      41 38 0      
38 40 0      40 38 0      
37 40 0      39 38 0      
36 40 0       39 38 1      
36 40 0      38 38 0      
35 40 1      37 38 0      
34 40 0      36 38 0      
33 40 0      35 38 0      
32 40 0      34 38 0      
31 40 0      33 38 0      
30 40 0      32 38 0      
29 40 1      31 38 0      
28 40 0      31 37 0      
27 40 0      31 36 0      
26 40 0      31 35 0      
25 40 0      31 34 0      
24 40 0      31 33 0      
23 40 0      31 32 0      
22 40 0      31 31 0      
21 40 0      31 30 0      
20 40 0      31 29 0      
19 40 0      30 29 0      
18 40 0      29 29 0      
17 40 0      28 29 0      
16 40 0      27 29 0      
15 40 0      27 30 0      
14 40 0       27 30 1      
14 40 0      27 31 0      
13 40 0       27 31 1      
13 40 0      27 32 0      
12 40 0      27 33 0      
11 40 0      27 34 0      
10 40 0      27 35 0      
9 40 0      28 35 0      
8 40 0      29 35 0      
7 40 0      30 35 0      
6 40 0      31 35 0      
5 40 0      32 35 0      
4 40 0      33 35 0      
3 40 0       33 35 1      
3 40 0      34 35 0      
2 40 0      35 35 0      
1 40 0      36 35 0      
50 40 0      37 35 0      
49 40 0      38 35 0      
48 40 0      39 35 0      
47 40 0       39 35 1      
47 40 0      40 35 0      
46 40 0      41 35 0      
45 40 0      42 35 0      
44 40 0      43 35 0      
43 40 0      44 35 0      
42 40 0      45 35 0      
41 40 0      46 35 0      
40 40 0      47 35 0      
39 40 0      48 35 0      
38 40 0      49 35 0      
37 40 0      -1 36 0      
36 40 0      -2 36 0      
35 40 0      49 36 0      
34 40 0      48 36 0      
33 40 0      47 36 0      
32 40 0      46 36 0      
31 40 0      46 37 0      
30 40 0      47 37 0      
29 40 0      48 37 0      
28 40 0      49 37 0      
27 40 0      0 37 0      
26 40 0      1 37 0      
25 40 0      2 37 0      
24 40 0      3 37 0      
23 40 0      4 37 0      
22 40 0      5 37 0      
21 40 0      6 37 0      
20 40 0      7 37 0      
19 40 0      8 37 0      
18 40 0      9 37 0      
17 40 0      9 36 0      
16 40 0      9 35 0      
15 40 0      9 34 0      
