10 40 0      40 20 0      
9 40 0      40 21 0      
8 40 0       40 21 1      
8 40 0      40 22 0      
7 40 0      40 23 0      
6 40 0      40 24 0      
5 40 0      40 25 0      
4 40 0      40 26 0      
3 40 0      41 26 0      
2 40 0      41 27 0      
1 40 0      41 28 0      
50 40 0      41 29 0      
49 40 0      41 30 0      
48 40 0      41 31 0      
47 40 0      41 32 0      
46 40 0      40 32 0      
45 40 0      39 32 0      
44 40 0      38 32 0      
43 40 0      37 32 0      
42 40 0      37 33 0      
41 40 0      37 34 0      
40 40 1      37 35 0      
39 40 0      37 36 0      
38 40 0       37 36 1      
38 40 0      37 37 0      
37 40 0      36 37 0      
36 40 0      35 37 0      
35 40 0      34 37 0      
34 40 0      33 37 0      
33 40 0      32 37 0      
32 40 0      31 37 0      
31 40 0      30 37 0      
30 40 0      30 38 0      
29 40 0      30 39 0      
28 40 0      30 40 0      
27 40 0      30 41 0      
26 40 0      29 41 0      
25 40 0      28 41 0      
24 40 0      27 41 0      
23 40 0      27 40 0      
22 40 0      28 40 0      
21 40 0      29 40 0      
20 40 0      30 40 0      
19 40 0      30 39 0      
18 40 0      30 38 0      
17 40 0      30 37 0      
16 40 0      30 36 0      
15 40 0      30 35 0      
14 40 0      30 34 0      
13 40 0      30 33 0      
12 40 0      30 32 0      
11 40 0      30 31 0      
10 40 0      30 30 0      
9 40 0      30 29 0      
8 40 0      30 28 0      
7 40 0      30 27 0      
6 40 0      30 26 0      
5 40 0      30 25 0      
4 40 0      30 24 0      
3 40 0      30 23 0      
2 40 0      31 23 0      
1 40 0      32 23 0      
50 40 0      33 23 0      
49 40 0      34 23 0      
48 40 0      35 23 0      
47 40 0      35 22 0      
46 40 0      36 22 0      
45 40 0      37 22 0      
44 40 0      38 22 0      
43 40 0      39 22 0      
42 40 0      40 22 0      
41 40 0      41 22 0      
40 40 0      42 22 0      
39 40 0      43 22 0      
38 40 0      43 23 0      
37 40 0      43 24 0      
36 40 0      43 25 0      
35 40 0      43 26 0      
34 40 0      43 27 0      
33 40 0      43 28 0      
32 40 0      43 29 0      
31 40 0      43 30 0      
