746
593
852
716
908
691
621
952
829
566
863
579
764
510
660
533
875
717
789
828
993
502
853
789
693
826
679
656
723
836
839
756
649
662
769
922
817
593
612
1106
707
535
811
630
570
731
839
627
767
801
634
637
950
468
699
1032
852
651
664
851
614
617
772
586
723
705
773
537
967
649
726
724
854
859
608
969
512
766
586
510
505
616
777
880
952
538
652
540
625
894
766
864
1023
818
725
691
675
737
790
710
554
803
751
854
852
517
912
823
1060
880
552
710
781
669
705
783
770
766
629
849
814
356
782
851
594
467
704
502
843
531
626
864
522
553
777
614
710
593
823
767
818
452
860
906
875
1000
737
749
682
615
667
477
684
704
834
715
775
747
726
709
899
788
658
925
685
659
534
618
683
757
883
677
612
641
674
968
623
497
948
564
894
588
999
475
718
726
482
557
692
682
668
669
563
966
610
745
954
622
638
797
868
720
734
532
713
1067
816
679
836
710
877
664
630
873
778
594
862
929
569
639
733
1058
712
781
896
796
520
971
831
674
780
787
644
495
736
1001
986
790
782
443
825
684
773
945
736
725
778
775
767
649
844
632
708
812
750
739
718
640
827
530
873
701
837
800
947
752
765
828
873
664
642
665
435
794
687
672
637
548
631
640
686
751
851
988
968
808
885
1084
894
864
813
727
760
735
974
717
714
704
542
694
689
627
583
1123
725
703
658
710
615
649
696
713
794
663
732
599
947
980
874
731
676
605
652
974
376
607
855
753
623
579
531
559
665
818
762
659
1157
657
637
560
733
614
768
635
655
394
689
463
742
744
702
926
593
734
692
780
449
753
726
764
645
974
634
852
452
674
805
817
842
494
633
904
698
1279
580
743
829
699
744
749
748
882
866
507
696
623
539
771
754
510
775
739
418
1088
793
599
976
417
808
658
681
681
661
804
689
839
723
704
676
596
594
854
886
1019
918
811
865
943
662
747
530
629
895
725
691
614
661
508
836
811
536
902
740
601
615
477
699
605
554
693
580
1246
735
665
912
570
645
739
544
940
652
526
634
752
709
447
629
416
959
992
679
758
521
655
657
499
729
807
768
682
983
738
807
597
942
564
886
737
759
596
871
717
823
889
807
919
810
961
714
717
594
575
896
528
877
634
796
723
690
1080
601
860
854
629
754
626
728
706
831
802
714
841
641
898
639
861
1013
887
644
861
425
641
764
660
537
886
823
603
722
841
963
676
771
734
911
536
562
659
686
1149
813
580
979
746
577
747
781
768
882
1120
975
636
583
712
572
806
597
625
779
677
750
927
742
633
698
879
645
711
1042
668
569
803
733
522
696
680
626
656
806
951
632
600
441
813
697
962
817
863
845
706
811
668
901
953
761
761
793
933
740
609
831
715
841
891
669
834
490
1024
1070
921
626
1108
780
690
754
584
751
629
629
568
814
903
914
487
793
514
533
586
798
884
711
855
580
784
591
670
677
594
653
784
702
795
676
677
731
686
637
912
838
715
795
416
788
553
826
857
599
630
673
545
1020
606
1047
742
604
688
713
725
657
977
596
585
744
600
648
677
809
582
834
757
781
811
792
634
899
972
706
741
834
701
689
621
691
806
573
527
750
963
835
904
767
761
804
893
706
474
708
634
505
740
632
807
737
917
814
551
619
638
674
920
626
569
687
719
628
617
572
932
836
853
858
655
521
771
1028
635
740
663
919
546
647
561
616
859
686
815
671
628
558
670
574
617
753
773
817
592
634
856
854
670
701
857
733
896
631
685
678
590
810
977
728
673
703
779
590
536
653
604
734
803
661
588
687
521
683
675
730
832
820
932
606
628
750
440
663
473
891
916
837
603
931
670
745
735
675
713
1207
933
631
753
667
564
587
775
672
1001
796
685
570
886
654
603
438
617
659
775
830
796
746
602
481
875
592
752
983
605
715
687
690
781
684
643
774
754
669
1113
981
486
1208
672
640
590
660
474
773
799
600
528
626
576
527
608
684
704
797
949
888
598
688
708
911
530
597
670
653
638
891
655
632
434
677
657
670
544
911
709
974
681
688
874
804
645
842
832
816
876
633
762
799
871
757
640
650
628
613
828
755
574
557
558
764
751
590
582
1158
713
750
976
870
507
814
902
893
742
739
729
831
605
941
753
640
750
827
652
673
436
741
520
654
725
780
665
723
790
711
806
735
980
1084
626
710
915
627
745
943
667
825
1264
532
639
840
927
648
619
558
656
692
932
759
732
875
864
778
808
725
952
965
1017
798
741
677
655
655
836
869
794
830
694
920
883
1118
379
544
954
889
487
578
553
663
723
