708
476
528
756
777
838
832
633
796
681
554
668
618
638
940
793
554
767
677
682
801
498
529
693
717
731
516
680
805
607
523
574
759
509
684
670
544
1047
539
708
873
652
897
499
626
567
693
820
613
573
631
519
761
708
764
655
639
570
1001
709
958
594
738
791
655
547
789
882
619
572
750
517
1090
618
1061
802
489
844
711
879
695
722
747
654
608
519
558
736
616
725
780
773
1017
1106
647
709
809
687
691
854
721
823
588
542
696
578
680
590
632
737
955
815
803
588
725
649
771
532
696
603
617
561
671
688
871
641
770
1190
870
674
635
616
635
372
684
674
692
713
520
1065
790
591
939
576
824
569
674
611
651
532
904
824
605
878
619
719
676
815
630
774
727
589
1045
784
647
573
967
689
716
1024
562
695
708
681
549
790
895
898
786
727
856
701
787
685
742
609
858
874
790
649
881
659
802
500
562
666
1080
452
947
827
764
624
1087
668
706
717
702
615
619
898
563
723
434
816
612
812
754
727
795
931
694
718
748
788
854
528
358
564
635
638
569
716
647
759
696
700
832
636
867
682
669
525
587
827
1113
862
726
845
820
908
653
1238
677
680
974
753
722
704
475
753
753
460
594
476
953
768
666
805
661
640
564
507
571
650
729
659
760
484
835
767
855
834
790
963
649
732
469
645
784
551
686
691
874
767
606
972
770
873
877
473
694
667
562
716
594
692
830
1028
812
439
414
835
681
952
736
666
551
813
657
1085
817
648
667
686
628
674
640
485
652
788
476
546
689
533
490
1123
841
483
794
803
766
938
481
552
556
501
651
643
763
697
831
641
714
619
1023
589
662
952
862
811
707
871
497
545
658
619
1029
862
737
661
548
413
954
921
899
648
821
955
890
853
623
854
813
552
777
992
570
980
655
421
497
874
914
579
971
633
616
622
496
650
665
707
592
434
756
575
689
866
888
781
1042
686
559
574
740
589
662
773
683
670
927
708
720
677
763
572
887
626
801
767
737
727
670
709
1102
720
974
863
590
696
668
600
624
1015
679
810
526
1142
595
629
720
529
527
908
1148
862
623
732
688
669
814
568
859
987
837
994
709
573
936
777
612
891
691
725
910
831
584
945
1073
838
483
806
663
640
855
883
1004
515
600
581
683
605
680
698
679
695
677
891
712
810
655
718
703
734
682
741
506
997
689
604
782
903
1015
538
879
696
916
708
824
961
852
677
719
607
480
524
731
406
607
1014
517
883
760
818
587
1000
742
690
941
791
861
915
916
812
719
950
588
915
794
802
485
815
503
636
655
597
725
696
925
725
868
742
794
571
561
769
660
571
406
553
990
628
687
750
864
593
782
842
682
690
619
719
938
865
796
1235
694
668
683
489
676
768
792
673
994
898
1034
613
663
900
583
639
654
749
876
658
769
651
697
649
678
528
598
882
814
772
704
1134
747
737
622
770
890
649
523
1042
757
554
587
690
807
657
951
1031
914
846
653
948
565
810
683
760
1088
503
619
769
707
618
639
535
928
1267
739
729
578
951
770
477
678
626
882
653
613
582
678
936
812
705
896
582
677
533
654
728
781
911
898
520
801
750
808
659
777
806
564
738
811
844
477
760
523
746
777
585
512
563
700
728
545
955
598
769
690
1331
693
604
906
1021
666
636
708
570
469
537
551
674
807
554
670
724
576
770
706
597
709
700
823
659
760
678
625
834
472
680
752
886
576
988
534
816
626
746
819
529
973
835
679
528
488
686
605
694
732
689
727
716
1139
600
660
694
771
730
1119
587
708
679
813
505
956
615
854
814
951
795
1154
993
556
714
685
593
593
716
597
723
643
755
851
621
733
777
682
759
482
566
759
641
770
758
716
569
624
758
611
855
889
703
680
722
604
917
749
507
706
723
790
774
542
598
964
575
527
769
488
656
758
1152
593
776
676
752
1155
760
578
920
552
817
573
791
686
560
836
637
491
783
507
675
860
622
828
751
587
610
745
857
749
865
783
823
682
489
598
736
926
634
765
1064
850
811
1012
702
864
1221
597
821
591
720
742
591
632
728
787
573
602
1066
675
744
647
556
671
946
820
941
645
912
761
723
796
600
682
673
801
878
756
870
676
745
684
668
580
733
531
814
941
770
1044
590
703
802
979
1316
572
623
1218
652
763
672
732
770
691
699
829
534
848
510
568
516
660
522
844
593
624
750
791
543
734
576
798
1046
956
822
490
804
730
807
650
614
676
667
586
931
490
604
514
561
633
641
640
1186
786
725
767
950
432
911
699
794
634
629
638
869
594
684
528
807
759
708
1096
475
803
558
851
759
669
617
843
811
952
609
508
824
