989
649
796
816
805
847
799
569
913
715
664
825
497
904
687
814
887
705
860
899
745
601
531
683
892
762
872
803
591
650
625
1012
728
618
601
665
585
831
594
629
660
1085
689
938
567
527
861
506
658
894
530
1004
761
597
690
676
946
793
653
743
692
757
1133
878
630
961
906
787
697
558
964
662
569
792
617
896
723
744
961
530
914
614
1001
724
606
520
756
862
1067
720
899
643
849
723
664
959
948
748
629
871
701
686
736
724
834
742
527
611
516
714
590
703
724
1154
824
895
587
899
666
510
865
793
810
660
818
667
738
457
818
925
713
897
801
726
761
767
676
748
766
644
717
653
784
698
634
855
648
831
1037
679
649
605
545
758
792
806
713
774
1000
838
688
754
723
739
1006
639
845
688
922
759
667
844
681
861
630
570
893
662
480
747
801
724
741
493
858
625
747
714
845
819
747
892
773
682
659
572
873
842
963
477
1024
679
804
564
855
1195
449
567
759
566
788
543
939
788
1039
652
900
538
668
688
636
772
822
570
696
701
769
693
1032
641
606
626
577
641
439
961
656
544
768
654
871
645
841
582
587
722
690
794
787
805
671
941
591
624
616
1028
840
760
807
659
596
712
593
742
833
689
562
785
854
767
846
746
873
782
802
735
587
997
720
888
580
801
891
791
582
546
649
705
792
661
692
696
798
757
822
872
935
663
734
812
681
467
722
791
550
1024
749
762
898
678
727
853
763
517
701
621
859
813
680
852
479
761
545
730
460
1048
834
644
733
745
645
910
728
908
816
728
670
585
555
584
624
758
586
656
666
776
629
746
982
882
988
946
784
831
514
719
837
737
564
701
860
822
698
534
767
676
489
578
802
560
969
888
642
500
679
715
691
638
956
665
624
478
573
964
487
672
739
779
865
608
928
902
650
869
722
554
674
714
828
863
782
442
765
812
480
790
720
906
631
951
736
823
694
819
619
681
567
664
804
696
469
658
653
738
766
1013
637
586
829
797
715
791
864
745
449
738
759
683
765
615
792
982
511
732
638
595
792
885
653
780
597
891
705
913
935
878
690
648
785
718
507
577
537
520
798
889
716
639
801
656
672
753
605
1067
591
732
825
527
900
806
565
672
746
862
639
498
542
694
573
517
518
871
593
806
784
817
1060
618
661
917
548
458
660
894
1072
689
734
765
645
647
735
606
604
564
782
836
751
526
570
792
666
618
793
626
764
892
518
667
763
722
741
753
1075
755
791
677
716
892
753
625
597
743
1089
745
550
489
662
732
787
730
658
809
810
592
696
1002
1060
1110
625
653
620
535
746
661
655
1162
795
545
769
506
585
756
607
513
894
742
1053
641
399
718
485
666
674
899
747
870
677
659
680
864
800
775
772
815
1058
577
648
568
930
777
805
703
501
846
484
703
569
492
694
619
750
690
1012
866
708
781
809
613
962
853
866
574
852
660
416
453
790
746
570
682
565
877
582
630
679
776
734
856
738
784
702
535
670
706
819
704
611
715
746
535
488
966
766
727
705
849
712
484
555
513
425
925
862
562
647
408
521
732
590
779
636
774
709
783
548
795
877
984
528
779
767
714
737
808
880
713
686
736
903
993
712
743
553
551
636
422
924
792
970
862
555
713
598
830
666
847
1107
632
606
627
611
828
542
795
788
617
684
586
896
812
599
646
583
731
914
706
1113
716
697
659
662
684
812
646
804
542
760
635
973
946
548
972
643
691
697
475
658
784
773
620
805
701
745
540
566
811
691
734
722
1006
401
798
734
695
590
666
543
545
802
581
875
788
706
949
814
730
710
630
726
1116
747
978
812
666
746
756
666
625
774
711
813
481
615
677
864
1093
707
799
593
709
652
838
911
586
718
740
585
602
557
858
611
819
637
640
915
764
1146
624
583
661
595
658
1150
661
839
646
546
916
977
448
639
585
741
714
700
646
743
620
717
526
769
670
553
596
886
700
486
659
840
691
713
641
735
756
599
627
568
667
729
746
702
696
864
834
525
897
646
534
824
722
799
908
851
747
722
711
772
665
909
698
630
534
720
1143
719
567
830
690
631
530
645
1073
848
529
655
690
745
880
810
645
842
737
715
818
914
866
954
640
901
719
662
561
927
837
951
622
625
915
705
563
732
810
816
741
813
585
627
1012
672
796
894
885
696
753
525
885
738
661
796
513
939
857
635
881
716
854
572
906
606
818
805
704
767
875
698
689
737
781
1000
744
981
872
625
993
864
675
599
671
635
629
828
664
438
779
744
462
572
848
856
885
505
626
477
650
709
541
668
776
784
784
1006
639
657
416
649
596
706
634
939
837
