10 40 0      40 20 0      
9 40 0      40 21 0      
8 40 0      39 21 0      
7 40 0      38 21 0      
6 40 0      37 21 0      
5 40 0      36 21 0      
4 40 0      35 21 0      
3 40 0      34 21 0      
2 40 0      33 21 0      
1 40 0      32 21 0      
50 40 0      31 21 0      
49 40 0      30 21 0      
48 40 0      29 21 0      
47 40 0      28 21 0      
46 40 0      27 21 0      
45 40 0      26 21 0      
44 40 0      25 21 0      
43 40 0      24 21 0      
42 40 0       24 21 1      
42 40 0      23 21 0      
41 40 0      22 21 0      
40 40 0      21 21 0      
39 40 0      20 21 0      
38 40 0      19 21 0      
37 40 0      18 21 0      
36 40 0      17 21 0      
35 40 0      16 21 0      
34 40 0      15 21 0      
33 40 0      15 22 0      
32 40 0      15 23 0      
31 40 0      14 23 0      
30 40 0      13 23 0      
29 40 0      12 23 0      
28 40 0      11 23 0      
27 40 0      10 23 0      
26 40 0      9 23 0      
25 40 0       9 23 1      
25 40 0      9 24 0      
24 40 0      9 25 0      
23 40 0      9 26 0      
22 40 0      9 27 0      
21 40 0      9 28 0      
20 40 0      9 29 0      
19 40 0      9 30 0      
18 40 0      9 31 0      
17 40 0      9 32 0      
16 40 0      9 33 0      
15 40 0      9 34 0      
14 40 0      9 35 0      
13 40 0      9 36 0      
12 40 0      8 36 0      
11 40 0      8 37 0      
10 40 0      8 38 0      
9 40 0      8 39 0      
8 40 0      8 40 0      
7 40 0      8 41 0      
6 40 0      8 42 0      
5 40 0      8 43 0      
4 40 0      8 44 0      
3 40 0      9 44 0      
2 40 0      10 44 0      
1 40 0      11 44 0      
50 40 0      12 44 0      
49 40 0      13 44 0      
48 40 0      14 44 0      
47 40 0      15 44 0      
46 40 0      16 44 0      
45 40 0      17 44 0      
44 40 0      18 44 0      
43 40 0      18 43 0      
42 40 0      18 42 0      
41 40 0      18 41 0      
40 40 0      19 41 0      
39 40 0      20 41 0      
38 40 0      21 41 0      
37 40 0      22 41 0      
36 40 0      23 41 0      
35 40 0      24 41 0      
34 40 0      25 41 0      
33 40 0      26 41 0      
32 40 0      27 41 0      
31 40 0      28 41 0      
30 40 0      29 41 0      
29 40 0      30 41 0      
28 40 0      31 41 0      
27 40 0      32 41 0      
26 40 0      33 41 0      
25 40 0      34 41 0      
24 40 0      35 41 0      
23 40 0      36 41 0      
22 40 0      37 41 0      
21 40 0      38 41 0      
20 40 0      39 41 0      
19 40 0      40 41 0      
18 40 0      41 41 0      
17 40 0      42 41 0      
16 40 0      43 41 0      
15 40 0      44 41 0      
14 40 0      45 41 0      
13 40 0      46 41 0      
12 40 0      47 41 0      
11 40 0      48 41 0      
10 40 0      49 41 0      
9 40 0      0 41 0      
8 40 0      1 41 0      
7 40 0      2 41 0      
6 40 0      3 41 0      
5 40 0      4 41 0      
4 40 0      4 40 0      
3 40 0      4 39 0      
2 40 0      4 38 0      
1 40 0      4 37 0      
50 40 0      4 36 0      
49 40 0      4 35 0      
48 40 0      4 34 0      
47 40 0       4 34 1      
47 40 0      4 33 0      
46 40 0      4 32 0      
45 40 0      3 32 0      
44 40 0      2 32 0      
43 40 0      1 32 0      
42 40 0      0 32 0      
41 40 0      49 32 0      
40 40 0      48 32 0      
39 40 0      47 32 0      
38 40 0      46 32 0      
37 40 0      45 32 0      
36 40 0      44 32 0      
35 40 0      43 32 0      
34 40 0      43 33 0      
33 40 0      43 34 0      
32 40 0      43 35 0      
31 40 0      43 36 0      
30 40 0      43 37 0      
29 40 0      43 38 0      
28 40 0      43 39 0      
27 40 0      43 40 0      
26 40 0      43 41 0      
25 40 0      43 42 0      
24 40 0      44 42 0      
23 40 0      45 42 0      
22 40 0      46 42 0      
21 40 0      47 42 0      
20 40 0      48 42 0      
19 40 0       48 42 1      
19 40 0      49 42 0      
18 40 0      0 42 0      
17 40 0      1 42 0      
16 40 0      2 42 0      
15 40 0      3 42 0      
14 40 0      4 42 0      
13 40 0      4 43 0      
12 40 0      3 43 0      
11 40 0      2 43 0      
10 40 0      1 43 0      
9 40 0      1 44 0      
8 40 0      1 45 0      
7 40 0      1 46 0      
6 40 0      1 47 0      
5 40 0      0 47 0      
4 40 0      49 47 0      
3 40 0      48 47 0      
2 40 0      47 47 0      
1 40 0      46 47 0      
0 40 0       46 47 1      
50 40 0      45 47 0      
49 40 0      44 47 0      
48 40 0      43 47 0      
47 40 0      42 47 0      
46 40 0      41 47 0      
45 40 0      40 47 0      
44 40 0      39 47 0      
43 40 0      38 47 0      
42 40 0      37 47 0      
41 40 0      36 47 0      
40 40 0      35 47 0      
39 40 0      35 48 0      
38 40 0      35 49 0      
37 40 0      35 50 0      
36 40 0      35 51 0      
35 40 0      35 52 0      
34 40 0      35 3 0      
33 40 0      35 4 0      
32 40 0      35 5 0      
31 40 0      35 6 0      
30 40 0      35 7 0      
29 40 0      35 8 0      
28 40 0      35 9 0      
27 40 0      35 10 0      
26 40 0      35 11 0      
25 40 0      35 12 0      
24 40 0      36 12 0      
23 40 0      37 12 0      
22 40 0       37 12 1      
22 40 0      38 12 0      
21 40 0      38 11 0      
20 40 0      38 10 0      
19 40 0      38 9 0      
18 40 0      38 8 0      
17 40 0      38 7 0      
16 40 0      37 7 0      
15 40 0      36 7 0      
14 40 0      35 7 0      
13 40 0      34 7 0      
12 40 0      33 7 0      
11 40 0      33 8 0      
10 40 0      33 9 0      
9 40 0      33 10 0      
8 40 0      33 11 0      
7 40 0      33 12 0      
6 40 0      33 13 0      
5 40 0      33 14 0      
4 40 0      33 15 0      
3 40 0       33 15 1      
3 40 0      33 16 0      
2 40 0      33 17 0      
1 40 0      33 18 0      
50 40 0      33 19 0      
49 40 0      33 20 0      
48 40 0      33 21 0      
47 40 0      33 22 0      
46 40 0      33 23 0      
45 40 0      33 24 0      
44 40 0      33 25 0      
43 40 0      33 26 0      
42 40 0      34 26 0      
41 40 0      35 26 0      
40 40 0      36 26 0      
39 40 0      37 26 0      
38 40 0      38 26 0      
37 40 0       38 26 1      
37 40 0      39 26 0      
36 40 0      40 26 0      
35 40 0      41 26 0      
34 40 0      42 26 0      
33 40 0      43 26 0      
32 40 0      44 26 0      
31 40 0      45 26 0      
30 40 0      46 26 0      
29 40 0      47 26 0      
28 40 0      48 26 0      
27 40 0      49 26 0      
26 40 0      0 26 0      
25 40 0      1 26 0      
24 40 0      2 26 0      
23 40 0      3 26 0      
22 40 0      4 26 0      
21 40 0      5 26 0      
20 40 0      6 26 0      
19 40 0      6 27 0      
18 40 0       6 27 1      
18 40 0      6 28 0      
17 40 0      6 29 0      
16 40 0      6 30 0      
15 40 0      6 31 0      
14 40 0      6 32 0      
13 40 0      6 33 0      
12 40 0      6 34 0      
11 40 0      6 35 0      
10 40 0      6 36 0      
9 40 0      6 37 0      
8 40 0      5 37 0      
7 40 0      4 37 0      
6 40 0      3 37 0      
5 40 0      2 37 0      
4 40 0      1 37 0      
3 40 0      0 37 0      
2 40 0      49 37 0      
1 40 0      48 37 0      
50 40 0      47 37 0      
49 40 0      46 37 0      
48 40 0      46 38 0      
47 40 0      46 39 0      
46 40 0      46 40 0      
45 40 0      46 41 0      
44 40 0      46 42 0      
43 40 0      46 43 0      
42 40 0      46 44 0      
41 40 0      46 45 0      
40 40 0      46 46 0      
39 40 0      46 47 0      
38 40 0      46 48 0      
37 40 0      46 49 0      
36 40 0      45 49 0      
35 40 0      44 49 0      
34 40 0       44 49 1      
34 40 0      44 48 0      
33 40 0      44 47 0      
32 40 0      44 46 0      
31 40 0      44 45 0      
30 40 0      44 44 0      
29 40 0       44 44 1      
29 40 0      44 43 0      
28 40 0      44 42 0      
27 40 0      44 41 0      
26 40 0      44 40 0      
25 40 0      44 39 0      
24 40 0      44 38 0      
23 40 0      44 37 0      
22 40 0      44 36 0      
21 40 0      44 35 0      
20 40 0      44 34 0      
19 40 0      44 33 0      
18 40 0      45 33 0      
17 40 0      46 33 0      
16 40 0      47 33 0      
15 40 0      48 33 0      
14 40 0       48 33 1      
14 40 0      49 33 0      
13 40 0      0 33 0      
12 40 0      1 33 0      
11 40 0      1 34 0      
10 40 0      1 35 0      
9 40 0      1 36 0      
8 40 0       1 36 1      
8 40 0      1 37 0      
7 40 0      1 38 0      
6 40 0      1 39 0      
5 40 0      1 40 0      
4 40 0      1 41 0      
3 40 0      1 42 0      
2 40 0      0 42 0      
1 40 0      49 42 0      
50 40 0      48 42 0      
49 40 0      47 42 0      
48 40 0      46 42 0      
47 40 0      45 42 0      
46 40 0      44 42 0      
45 40 0      43 42 0      
44 40 0      42 42 0      
43 40 0      41 42 0      
42 40 0      40 42 0      
41 40 0      39 42 0      
40 40 0      38 42 0      
39 40 0      37 42 0      
38 40 0      37 41 0      
37 40 0      38 41 0      
36 40 0      39 41 0      
35 40 0      40 41 0      
34 40 0      41 41 0      
33 40 0      41 42 0      
32 40 0      41 43 0      
31 40 0      41 44 0      
30 40 0      41 45 0      
29 40 0      41 46 0      
28 40 0      41 47 0      
27 40 0      41 48 0      
26 40 0      41 49 0      
25 40 0      41 50 0      
24 40 0      41 51 0      
23 40 0      41 52 0      
22 40 0      41 3 0      
21 40 0      41 4 0      
20 40 0      41 5 0      
19 40 0      41 6 0      
18 40 0      41 7 0      
17 40 0      41 8 0      
16 40 0      41 9 0      
15 40 0      41 10 0      
14 40 0      41 11 0      
13 40 0      40 11 0      
12 40 0      39 11 0      
11 40 0      39 12 0      
10 40 0      39 13 0      
9 40 0      39 14 0      
8 40 0       39 14 1      
8 40 0      39 15 0      
7 40 0      39 16 0      
6 40 0      39 17 0      
5 40 0       39 17 1      
5 40 0      39 18 0      
4 40 0      39 19 0      
3 40 0      39 20 0      
2 40 0      39 21 0      
1 40 0      39 22 0      
50 40 0      38 22 0      
49 40 0      37 22 0      
48 40 0      36 22 0      
47 40 0      35 22 0      
46 40 0      34 22 0      
45 40 0      33 22 0      
44 40 0      32 22 0      
43 40 0      31 22 0      
42 40 0      30 22 0      
41 40 0      29 22 0      
40 40 0      28 22 0      
39 40 0      27 22 0      
38 40 0      26 22 0      
37 40 0      26 21 0      
36 40 0      26 20 0      
35 40 0      26 19 0      
34 40 0      26 18 0      
33 40 0      26 17 0      
32 40 0      26 16 0      
31 40 0      26 15 0      
30 40 0      26 14 0      
29 40 0      26 13 0      
28 40 0      25 13 0      
27 40 0      25 12 0      
26 40 0      25 11 0      
25 40 0      25 10 0      
24 40 0      25 9 0      
23 40 0      25 8 0      
22 40 0      25 7 0      
21 40 0      25 6 0      
20 40 0      25 5 0      
19 40 0      25 4 0      
18 40 0      24 4 0      
17 40 0      23 4 0      
16 40 0      22 4 0      
15 40 0       22 4 1      
15 40 0      21 4 0      
14 40 0      20 4 0      
13 40 0      19 4 0      
12 40 0      18 4 0      
11 40 0      17 4 0      
10 40 0      16 4 0      
9 40 0      15 4 0      
8 40 0      14 4 0      
7 40 0      14 5 0      
6 40 0      14 6 0      
5 40 0      14 7 0      
4 40 0      14 8 0      
3 40 0       14 8 1      
3 40 0      14 9 0      
2 40 0      14 10 0      
1 40 0      14 11 0      
50 40 0      14 12 0      
49 40 0      14 13 0      
48 40 0      14 14 0      
47 40 0      14 15 0      
46 40 0      14 16 0      
45 40 0      14 17 0      
44 40 0      13 17 0      
43 40 0      12 17 0      
42 40 0      12 16 0      
41 40 0      11 16 0      
40 40 0      10 16 0      
39 40 0      9 16 0      
38 40 0      9 15 0      
37 40 0      9 14 0      
36 40 0      9 13 0      
35 40 0      8 13 0      
34 40 0      7 13 0      
33 40 0      7 12 0      
32 40 0      8 12 0      
31 40 0      9 12 0      
30 40 0      10 12 0      
29 40 0      11 12 0      
28 40 0      12 12 0      
27 40 0      12 11 0      
26 40 0      11 11 0      
25 40 0      10 11 0      
24 40 0      9 11 0      
23 40 0      8 11 0      
22 40 0      7 11 0      
21 40 0      6 11 0      
20 40 0      5 11 0      
19 40 0      4 11 0      
18 40 0      3 11 0      
17 40 0      2 11 0      
16 40 0      1 11 0      
15 40 0      0 11 0      
14 40 0       0 11 1      
14 40 0      49 11 0      
13 40 0      48 11 0      
12 40 0       48 11 1      
12 40 0      47 11 0      
11 40 0      46 11 0      
10 40 0      45 11 0      
9 40 0      44 11 0      
8 40 0      43 11 0      
7 40 0      42 11 0      
6 40 0      42 10 0      
5 40 0      42 9 0      
4 40 0      42 8 0      
3 40 0      42 7 0      
2 40 0      42 6 0      
1 40 0      43 6 0      
50 40 0      44 6 0      
49 40 0      45 6 0      
48 40 0      46 6 0      
47 40 0      46 7 0      
46 40 0      46 8 0      
45 40 0       46 8 1      
45 40 0      46 9 0      
44 40 0      46 10 0      
43 40 0      46 11 0      
42 40 0      46 12 0      
41 40 0      46 13 0      
40 40 0      46 14 0      
39 40 0      46 15 0      
38 40 0      46 16 0      
37 40 0      46 17 0      
36 40 0      46 18 0      
35 40 0      46 19 0      
34 40 0      46 20 0      
33 40 0      46 21 0      
32 40 0      46 22 0      
31 40 0      46 23 0      
30 40 0      46 24 0      
29 40 0      46 25 0      
28 40 0      46 26 0      
27 40 0      46 27 0      
26 40 0       46 27 1      
26 40 0      46 28 0      
25 40 0      46 29 0      
24 40 0      46 30 0      
23 40 0      46 31 0      
22 40 0      46 32 0      
21 40 0      46 33 0      
20 40 0      46 34 0      
19 40 0      46 35 0      
18 40 0      46 36 0      
17 40 0      46 37 0      
16 40 0      46 38 0      
15 40 0      46 39 0      
14 40 0      46 40 0      
13 40 0      47 40 0      
12 40 0      48 40 0      
11 40 0      49 40 0      
10 40 0      0 40 0      
9 40 0      1 40 0      
8 40 0      2 40 0      
7 40 0      3 40 0      
6 40 0      4 40 0      
5 40 0      5 40 0      
4 40 0      6 40 0      
3 40 0      6 39 0      
2 40 0      6 38 0      
1 40 0      6 37 0      
50 40 0      6 36 0      
49 40 0      6 35 0      
48 40 0      6 34 0      
47 40 0      6 33 0      
46 40 0      6 32 0      
45 40 0      6 31 0      
44 40 0      6 30 0      
43 40 0      6 29 0      
42 40 0      6 28 0      
41 40 0      7 28 0      
40 40 0      7 29 0      
39 40 0      7 30 0      
38 40 0      6 30 0      
37 40 0      5 30 0      
36 40 0      4 30 0      
35 40 0      3 30 0      
34 40 0      2 30 0      
33 40 0      1 30 0      
32 40 0      0 30 0      
31 40 0      49 30 0      
30 40 0      48 30 0      
29 40 0      47 30 0      
28 40 0      46 30 0      
27 40 0      45 30 0      
26 40 0      44 30 0      
25 40 0      43 30 0      
24 40 0      42 30 0      
23 40 0      41 30 0      
22 40 0      40 30 0      
21 40 0      40 31 0      
20 40 0      40 32 0      
19 40 0      41 32 0      
18 40 0      42 32 0      
17 40 0      42 31 0      
16 40 0      42 30 0      
15 40 0      42 29 0      
14 40 0      42 28 0      
13 40 0      42 27 0      
12 40 0      42 26 0      
11 40 0      42 25 0      
10 40 0      42 24 0      
9 40 0      42 23 0      
8 40 0      42 22 0      
7 40 0      42 21 0      
6 40 0      43 21 0      
5 40 0      44 21 0      
4 40 0      45 21 0      
3 40 0      46 21 0      
2 40 0      47 21 0      
1 40 0      48 21 0      
50 40 0      49 21 0      
49 40 0      0 21 0      
48 40 0      1 21 0      
47 40 0      2 21 0      
46 40 0      2 20 0      
45 40 0      2 19 0      
44 40 0      2 18 0      
43 40 0      2 17 0      
42 40 0      2 16 0      
41 40 0      2 15 0      
40 40 0      3 15 0      
39 40 0      3 16 0      
38 40 0      3 17 0      
37 40 0      3 18 0      
36 40 0      3 19 0      
35 40 0      3 20 0      
34 40 0      3 21 0      
33 40 0      3 22 0      
32 40 0      4 22 0      
31 40 0      5 22 0      
30 40 0      6 22 0      
29 40 0      7 22 0      
28 40 0      8 22 0      
27 40 0      9 22 0      
26 40 0      10 22 0      
25 40 0      11 22 0      
24 40 0      12 22 0      
23 40 0      13 22 0      
22 40 0      14 22 0      
21 40 0      15 22 0      
20 40 0      15 23 0      
19 40 0      15 24 0      
18 40 0      15 25 0      
17 40 0      16 25 0      
16 40 0      17 25 0      
15 40 0       17 25 1      
15 40 0       17 25 1      
15 40 0      18 25 0      
14 40 0      19 25 0      
13 40 0      20 25 0      
12 40 0      21 25 0      
11 40 0      22 25 0      
10 40 0      23 25 0      
9 40 0      24 25 0      
8 40 0      25 25 0      
7 40 0      26 25 0      
6 40 0      27 25 0      
5 40 0      27 26 0      
4 40 0      27 27 0      
3 40 0      27 28 0      
2 40 0      27 29 0      
1 40 0      27 30 0      
50 40 0      27 31 0      
49 40 0      28 31 0      
48 40 0      29 31 0      
47 40 0      30 31 0      
46 40 0      31 31 0      
45 40 0      32 31 0      
44 40 0      32 30 0      
43 40 0      32 29 0      
42 40 0      32 28 0      
41 40 0      32 27 0      
40 40 0      32 26 0      
39 40 0      32 25 0      
38 40 0      32 24 0      
37 40 0      32 23 0      
36 40 0      32 22 0      
35 40 0      32 21 0      
34 40 0      32 20 0      
33 40 0       32 20 1      
33 40 0      32 19 0      
32 40 0      32 18 0      
31 40 0      32 17 0      
30 40 0      32 16 0      
29 40 0      32 15 0      
28 40 0      32 14 0      
27 40 0      32 13 0      
26 40 0      32 12 0      
25 40 0      32 11 0      
24 40 0      32 10 0      
23 40 0      31 10 0      
22 40 0      30 10 0      
21 40 0      29 10 0      
20 40 0      28 10 0      
19 40 0      28 9 0      
18 40 0      29 9 0      
17 40 0      30 9 0      
16 40 0      31 9 0      
15 40 0      32 9 0      
14 40 0      33 9 0      
13 40 0      34 9 0      
12 40 0      35 9 0      
11 40 0      36 9 0      
10 40 0      37 9 0      
9 40 0      38 9 0      
8 40 0      39 9 0      
7 40 0      40 9 0      
6 40 0      41 9 0      
5 40 0      42 9 0      
4 40 0      43 9 0      
3 40 0      44 9 0      
2 40 0      45 9 0      
1 40 0      46 9 0      
50 40 0      47 9 0      
49 40 0       47 9 1      
49 40 0      48 9 0      
48 40 0      49 9 0      
47 40 0      -1 8 0      
46 40 0      -1 7 0      
45 40 0      -1 6 0      
44 40 0      -1 5 0      
43 40 0      -1 4 0      
42 40 0      -1 3 0      
41 40 0      -1 52 0      
40 40 0      -1 51 0      
39 40 0      -1 50 0      
38 40 0      -1 49 0      
37 40 0      -1 48 0      
36 40 0      -1 47 0      
35 40 0      -1 46 0      
34 40 0      -1 45 0      
33 40 0      -1 44 0      
32 40 0      -1 43 0      
31 40 0      -1 42 0      
30 40 0      -1 41 0      
29 40 0      -1 40 0      
28 40 0      -1 39 0      
27 40 0      0 39 0      
26 40 0      1 39 0      
25 40 0      2 39 0      
24 40 0      3 39 0      
23 40 0      4 39 0      
22 40 0      5 39 0      
21 40 0      6 39 0      
20 40 0      7 39 0      
19 40 0      8 39 0      
18 40 0      9 39 0      
17 40 0      10 39 0      
16 40 0      11 39 0      
15 40 0      12 39 0      
14 40 0      13 39 0      
13 40 0      13 38 0      
12 40 0      13 37 0      
11 40 0       13 37 1      
11 40 0      13 36 0      
10 40 0      13 35 0      
9 40 0      13 34 0      
8 40 0      13 33 0      
7 40 0      13 32 0      
6 40 0       13 32 1      
6 40 0      13 31 0      
5 40 0      13 30 0      
4 40 0      13 29 0      
3 40 0       13 29 1      
3 40 0      13 28 0      
2 40 0      14 28 0      
1 40 0      15 28 0      
50 40 0      16 28 0      
49 40 0      16 29 0      
48 40 0      16 30 0      
47 40 0      16 31 0      
46 40 0      16 32 0      
45 40 0      16 33 0      
44 40 0      16 34 0      
43 40 0      16 35 0      
42 40 0      16 36 0      
41 40 0      16 37 0      
40 40 0       16 37 1      
40 40 0      16 38 0      
39 40 0      16 39 0      
38 40 0      16 40 0      
37 40 0      16 41 0      
36 40 0      16 42 0      
35 40 0      16 43 0      
34 40 0      16 44 0      
33 40 0      16 45 0      
32 40 0      16 46 0      
31 40 0      16 47 0      
30 40 0      16 48 0      
29 40 0      16 49 0      
28 40 0      16 50 0      
27 40 0      16 51 0      
26 40 0      16 52 0      
25 40 0      17 2 0      
24 40 0      18 2 0      
23 40 0      19 2 0      
22 40 0      20 2 0      
21 40 0      21 2 0      
20 40 0      22 2 0      
19 40 0      22 3 0      
18 40 0      23 3 0      
17 40 0      24 3 0      
16 40 0      25 3 0      
15 40 0      26 3 0      
14 40 0      27 3 0      
13 40 0      28 3 0      
12 40 0      28 2 0      
11 40 0      28 52 0      
10 40 0      28 51 0      
9 40 0      28 50 0      
8 40 0      28 49 0      
7 40 0      28 48 0      
6 40 0      27 48 0      
5 40 0      26 48 0      
4 40 0      25 48 0      
3 40 0      24 48 0      
2 40 0      24 49 0      
1 40 0      24 50 0      
50 40 0      24 51 0      
49 40 0      24 52 0      
48 40 0      24 3 0      
47 40 0      24 4 0      
46 40 0      24 5 0      
45 40 0      24 6 0      
44 40 0      24 7 0      
43 40 0      24 8 0      
42 40 0      24 9 0      
41 40 0      24 10 0      
40 40 0      24 11 0      
39 40 0      24 12 0      
38 40 0      24 13 0      
37 40 0       24 13 1      
37 40 0       24 13 1      
37 40 0      24 14 0      
36 40 0      24 15 0      
35 40 0      24 16 0      
34 40 0      24 17 0      
33 40 0      24 18 0      
32 40 0      24 19 0      
31 40 0      24 20 0      
30 40 0      23 20 0      
29 40 0      22 20 0      
28 40 0      21 20 0      
27 40 0      20 20 0      
26 40 0      19 20 0      
25 40 0      18 20 0      
24 40 0      17 20 0      
23 40 0      16 20 0      
22 40 0      15 20 0      
21 40 0       15 20 1      
21 40 0      14 20 0      
20 40 0      13 20 0      
19 40 0      12 20 0      
18 40 0      12 21 0      
17 40 0      12 22 0      
16 40 0      12 23 0      
15 40 0      12 24 0      
14 40 0      12 25 0      
13 40 0      12 26 0      
12 40 0      12 27 0      
11 40 0      13 27 0      
10 40 0      14 27 0      
9 40 0      15 27 0      
8 40 0      16 27 0      
7 40 0      17 27 0      
6 40 0      18 27 0      
5 40 0      19 27 0      
4 40 0      20 27 0      
3 40 0      21 27 0      
2 40 0      22 27 0      
1 40 0      23 27 0      
50 40 0      24 27 0      
49 40 0      25 27 0      
48 40 0      26 27 0      
47 40 0      27 27 0      
46 40 0      28 27 0      
45 40 0      29 27 0      
44 40 0      30 27 0      
43 40 0      31 27 0      
42 40 0      32 27 0      
41 40 0      33 27 0      
40 40 0       33 27 1      
40 40 0      34 27 0      
39 40 0      35 27 0      
38 40 0      36 27 0      
37 40 0      37 27 0      
36 40 0      38 27 0      
35 40 0      38 28 0      
34 40 0      38 29 0      
33 40 0      38 30 0      
32 40 0      38 31 0      
31 40 0      38 32 0      
30 40 0      38 33 0      
29 40 0      38 34 0      
28 40 0      38 35 0      
27 40 0      38 36 0      
26 40 0      38 37 0      
25 40 0      38 38 0      
24 40 0      38 39 0      
23 40 0       38 39 1      
23 40 0      38 40 0      
22 40 0      38 41 0      
21 40 0      38 42 0      
20 40 0      38 43 0      
19 40 0       38 43 1      
19 40 0      39 43 0      
18 40 0      40 43 0      
17 40 0      40 44 0      
16 40 0      40 45 0      
15 40 0      41 45 0      
14 40 0      42 45 0      
13 40 0      43 45 0      
12 40 0      44 45 0      
11 40 0      45 45 0      
10 40 0      46 45 0      
9 40 0      47 45 0      
8 40 0      48 45 0      
7 40 0      48 46 0      
6 40 0       48 46 1      
6 40 0      48 47 0      
5 40 0      48 48 0      
4 40 0      48 49 0      
3 40 0      48 50 0      
2 40 0      48 51 0      
1 40 0      48 52 0      
50 40 0      48 3 0      
49 40 0      48 4 0      
48 40 0      48 5 0      
47 40 0      48 6 0      
46 40 0       48 6 1      
46 40 0      48 7 0      
45 40 0      48 8 0      
44 40 0      48 9 0      
43 40 0      48 10 0      
42 40 0      48 11 0      
41 40 0      48 12 0      
40 40 0      48 13 0      
39 40 0      48 14 0      
38 40 0      48 15 0      
37 40 0      48 16 0      
36 40 0      48 17 0      
35 40 0      48 18 0      
34 40 0      48 19 0      
33 40 0      48 20 0      
32 40 0      48 21 0      
31 40 0      49 21 0      
30 40 0      0 21 0      
29 40 0      1 21 0      
28 40 0      2 21 0      
27 40 0      3 21 0      
26 40 0      4 21 0      
25 40 0      5 21 0      
24 40 0      6 21 0      
23 40 0       6 21 1      
23 40 0      7 21 0      
22 40 0      8 21 0      
21 40 0      9 21 0      
20 40 0      10 21 0      
19 40 0      11 21 0      
18 40 0      12 21 0      
17 40 0      13 21 0      
16 40 0      14 21 0      
15 40 0      15 21 0      
14 40 0      16 21 0      
13 40 0      17 21 0      
12 40 0      17 20 0      
11 40 0      17 19 0      
10 40 0      17 18 0      
9 40 0      17 17 0      
8 40 0      17 16 0      
7 40 0      17 15 0      
6 40 0      17 14 0      
5 40 0      17 13 0      
4 40 0      17 12 0      
3 40 0      17 11 0      
2 40 0      17 10 0      
1 40 0      17 9 0      
50 40 0      17 8 0      
49 40 0      17 7 0      
48 40 0      17 6 0      
47 40 0      17 5 0      
46 40 0      17 4 0      
45 40 0      18 4 0      
44 40 0      19 4 0      
43 40 0      20 4 0      
42 40 0      21 4 0      
41 40 0      22 4 0      
40 40 0      23 4 0      
39 40 0      24 4 0      
38 40 0      25 4 0      
37 40 0      26 4 0      
36 40 0      27 4 0      
35 40 0      28 4 0      
34 40 0      29 4 0      
33 40 0      29 5 0      
32 40 0      28 5 0      
31 40 0      27 5 0      
30 40 0      26 5 0      
29 40 0      25 5 0      
28 40 0      24 5 0      
27 40 0      23 5 0      
26 40 0      22 5 0      
25 40 0      21 5 0      
24 40 0      21 6 0      
23 40 0      22 6 0      
22 40 0      23 6 0      
21 40 0      24 6 0      
20 40 0      25 6 0      
19 40 0      26 6 0      
18 40 0      27 6 0      
17 40 0      28 6 0      
16 40 0      29 6 0      
15 40 0       29 6 1      
15 40 0      30 6 0      
14 40 0      31 6 0      
13 40 0      32 6 0      
12 40 0      32 5 0      
11 40 0      32 4 0      
10 40 0      33 4 0      
9 40 0      34 4 0      
8 40 0      35 4 0      
7 40 0      36 4 0      
6 40 0      37 4 0      
5 40 0      38 4 0      
4 40 0      39 4 0      
3 40 0      40 4 0      
2 40 0      41 4 0      
1 40 0      42 4 0      
50 40 0      43 4 0      
49 40 0      44 4 0      
48 40 0      45 4 0      
47 40 0      46 4 0      
46 40 0      47 4 0      
45 40 0      48 4 0      
44 40 0      49 4 0      
43 40 0      0 4 0      
42 40 0      1 4 0      
41 40 0       1 4 1      
41 40 0      2 4 0      
40 40 0      3 4 0      
39 40 0      4 4 0      
38 40 0      4 5 0      
37 40 0      4 6 0      
36 40 0      4 7 0      
35 40 0      4 8 0      
34 40 0      4 9 0      
33 40 0      4 10 0      
32 40 0      4 11 0      
31 40 0      4 12 0      
30 40 0      4 13 0      
29 40 0      4 14 0      
28 40 0      4 15 0      
27 40 0      4 16 0      
26 40 0      4 17 0      
25 40 0      4 18 0      
24 40 0      5 18 0      
23 40 0      6 18 0      
22 40 0      6 17 0      
21 40 0      6 16 0      
20 40 0      6 15 0      
19 40 0      6 14 0      
18 40 0      6 13 0      
17 40 0      6 12 0      
16 40 0      6 11 0      
15 40 0      6 10 0      
14 40 0      6 9 0      
13 40 0      7 9 0      
12 40 0      8 9 0      
11 40 0      9 9 0      
10 40 0      10 9 0      
9 40 0      11 9 0      
8 40 0      12 9 0      
7 40 0      13 9 0      
6 40 0      14 9 0      
5 40 0      15 9 0      
4 40 0      16 9 0      
3 40 0       16 9 1      
3 40 0      17 9 0      
2 40 0      18 9 0      
1 40 0      19 9 0      
50 40 0      20 9 0      
49 40 0      21 9 0      
48 40 0      21 10 0      
47 40 0      21 11 0      
46 40 0      21 12 0      
45 40 0      21 13 0      
44 40 0      21 14 0      
43 40 0      21 15 0      
42 40 0      20 15 0      
41 40 0       20 15 1      
41 40 0      19 15 0      
40 40 0      18 15 0      
39 40 0      17 15 0      
38 40 0      17 16 0      
37 40 0      17 17 0      
36 40 0      16 17 0      
35 40 0      15 17 0      
34 40 0      14 17 0      
33 40 0      13 17 0      
32 40 0      13 18 0      
31 40 0      13 19 0      
30 40 0       13 19 1      
30 40 0      13 20 0      
29 40 0      13 21 0      
28 40 0      13 22 0      
27 40 0      12 22 0      
26 40 0      11 22 0      
25 40 0      10 22 0      
24 40 0      9 22 0      
23 40 0      8 22 0      
22 40 0      7 22 0      
21 40 0      6 22 0      
20 40 0      5 22 0      
19 40 0      4 22 0      
18 40 0      3 22 0      
17 40 0      2 22 0      
16 40 0      1 22 0      
15 40 0      0 22 0      
14 40 0      49 22 0      
13 40 0      48 22 0      
12 40 0       48 22 1      
12 40 0      47 22 0      
11 40 0      46 22 0      
10 40 0      45 22 0      
9 40 0      44 22 0      
8 40 0      43 22 0      
7 40 0      42 22 0      
6 40 0      41 22 0      
5 40 0      40 22 0      
4 40 0      39 22 0      
3 40 0      38 22 0      
2 40 0      37 22 0      
1 40 0      36 22 0      
50 40 0      35 22 0      
49 40 0      34 22 0      
48 40 0      33 22 0      
47 40 0      32 22 0      
46 40 0      31 22 0      
45 40 0      30 22 0      
44 40 0      29 22 0      
43 40 0      28 22 0      
42 40 0      27 22 0      
41 40 0      26 22 0      
40 40 0      25 22 0      
39 40 0      25 21 0      
38 40 0      25 20 0      
37 40 0      25 19 0      
36 40 0       25 19 1      
36 40 0      25 18 0      
35 40 0      25 17 0      
34 40 0      25 16 0      
33 40 0      25 15 0      
32 40 0      25 14 0      
31 40 0      25 13 0      
30 40 0      25 12 0      
29 40 0      25 11 0      
28 40 0      25 10 0      
27 40 0      25 9 0      
26 40 0      25 8 0      
25 40 0      25 7 0      
24 40 0      25 6 0      
23 40 0      25 5 0      
22 40 0      25 4 0      
21 40 0      25 3 0      
20 40 0      25 52 0      
19 40 0      25 51 0      
18 40 0      25 50 0      
17 40 0      25 49 0      
16 40 0       25 49 1      
