10 40 0      40 20 0      
9 40 1      40 21 0      
8 40 0      40 22 0      
7 40 0      40 23 0      
6 40 1      41 23 0      
5 40 0      42 23 0      
4 40 0      43 23 0      
3 40 1      44 23 0      
2 40 1      45 23 0      
1 40 0      46 23 0      
50 40 0      47 23 0      
49 40 0      48 23 0      
48 40 0      49 23 0      
47 40 0      0 23 0      
46 40 1      0 24 0      
45 40 0      0 25 0      
44 40 0      0 26 0      
43 40 0      0 27 0      
42 40 1      0 28 0      
41 40 0      0 29 0      
40 40 0      0 30 0      
39 40 0      0 31 0      
38 40 0      0 32 0      
37 40 0      0 33 0      
36 40 0      0 34 0      
35 40 0      0 35 0      
34 40 0      0 36 0      
33 40 0      0 37 0      
32 40 0      0 38 0      
31 40 0      0 39 0      
30 40 0      0 40 0      
29 40 0      0 41 0      
28 40 0      0 42 0      
27 40 0      0 43 0      
26 40 0      0 44 0      
25 40 0      0 45 0      
24 40 0      0 46 0      
23 40 0      0 47 0      
22 40 0      0 48 0      
21 40 0      0 49 0      
20 40 0      0 50 0      
19 40 0       0 50 1      
19 40 0      0 51 0      
18 40 0      0 52 0      
17 40 0      0 3 0      
16 40 0      0 4 0      
15 40 0      0 5 0      
14 40 0      0 6 0      
13 40 0      0 7 0      
12 40 0      0 8 0      
11 40 0      0 9 0      
10 40 0      0 10 0      
9 40 0      0 11 0      
8 40 0      0 12 0      
7 40 0      0 13 0      
6 40 0      0 14 0      
5 40 0      0 15 0      
4 40 0      0 16 0      
3 40 0      0 17 0      
2 40 0      0 18 0      
1 40 0      0 19 0      
50 40 0      0 20 0      
49 40 0      0 21 0      
48 40 0      0 22 0      
47 40 0      0 23 0      
46 40 0      0 24 0      
45 40 0      0 25 0      
44 40 0      1 25 0      
43 40 0      2 25 0      
42 40 0      3 25 0      
41 40 0      4 25 0      
40 40 0      5 25 0      
39 40 0      6 25 0      
38 40 0      7 25 0      
37 40 0      8 25 0      
36 40 0      9 25 0      
35 40 0      9 24 0      
34 40 0      9 23 0      
33 40 0      8 23 0      
32 40 0      8 22 0      
31 40 0      8 21 0      
30 40 0      8 20 0      
29 40 0      8 19 0      
28 40 0      8 18 0      
27 40 0       8 18 1      
27 40 0      8 17 0      
26 40 0      8 16 0      
25 40 0      8 15 0      
24 40 0      8 14 0      
23 40 0      8 13 0      
22 40 0      8 12 0      
21 40 0       8 12 1      
21 40 0      8 11 0      
20 40 0      9 11 0      
19 40 0      10 11 0      
18 40 0      11 11 0      
17 40 0      12 11 0      
16 40 0      13 11 0      
15 40 0      14 11 0      
14 40 0      15 11 0      
13 40 0      16 11 0      
12 40 0      17 11 0      
11 40 0      18 11 0      
10 40 0      18 10 0      
9 40 0      18 9 0      
8 40 0      18 8 0      
7 40 0      18 7 0      
6 40 0      18 6 0      
5 40 0      18 5 0      
4 40 0      19 5 0      
3 40 0      19 6 0      
2 40 0      19 7 0      
1 40 0      19 8 0      
0 40 0       19 8 1      
50 40 0      19 9 0      
49 40 0      19 10 0      
48 40 0      19 11 0      
47 40 0      19 12 0      
46 40 0      20 12 0      
45 40 0      21 12 0      
44 40 0      22 12 0      
43 40 0      23 12 0      
42 40 0      24 12 0      
41 40 0      25 12 0      
40 40 0      25 11 0      
39 40 0      25 10 0      
38 40 0      25 9 0      
37 40 0      26 9 0      
36 40 0      27 9 0      
35 40 0      28 9 0      
34 40 0      29 9 0      
33 40 0      30 9 0      
32 40 0      30 10 0      
31 40 0      30 11 0      
30 40 0      30 12 0      
29 40 0      31 12 0      
28 40 0      32 12 0      
27 40 0      32 13 0      
26 40 0      32 14 0      
25 40 0      32 15 0      
24 40 0      32 16 0      
23 40 0      33 16 0      
22 40 0       33 16 1      
22 40 0      34 16 0      
21 40 0      35 16 0      
20 40 0      35 15 0      
19 40 0      35 14 0      
18 40 0      35 13 0      
17 40 0      35 12 0      
16 40 0      35 11 0      
15 40 0      36 11 0      
14 40 0      37 11 0      
13 40 0      38 11 0      
12 40 0      39 11 0      
11 40 0      40 11 0      
10 40 0      41 11 0      
9 40 0      42 11 0      
8 40 0      43 11 0      
7 40 0       43 11 1      
7 40 0      44 11 0      
6 40 0      45 11 0      
5 40 0      46 11 0      
4 40 0      46 12 0      
3 40 0      46 13 0      
2 40 0      46 14 0      
1 40 0      46 15 0      
50 40 0      46 16 0      
49 40 0      47 16 0      
48 40 0      48 16 0      
47 40 0      49 16 0      
46 40 0      0 16 0      
45 40 0      1 16 0      
44 40 0      2 16 0      
43 40 0      3 16 0      
42 40 0      4 16 0      
41 40 0      5 16 0      
40 40 0      6 16 0      
39 40 0      7 16 0      
38 40 0      8 16 0      
37 40 0      9 16 0      
36 40 0      10 16 0      
35 40 0      10 15 0      
34 40 0      10 14 0      
33 40 0      11 14 0      
32 40 0       11 14 1      
32 40 0      12 14 0      
31 40 0      13 14 0      
30 40 0      14 14 0      
29 40 0      15 14 0      
28 40 0      16 14 0      
27 40 0      17 14 0      
26 40 0       17 14 1      
26 40 0      18 14 0      
25 40 0      19 14 0      
24 40 0      20 14 0      
23 40 0      20 13 0      
22 40 0      20 12 0      
21 40 0      20 11 0      
20 40 0      19 11 0      
19 40 0      18 11 0      
18 40 0      17 11 0      
17 40 0      16 11 0      
16 40 0      15 11 0      
15 40 0      15 12 0      
14 40 0      15 13 0      
13 40 0       15 13 1      
13 40 0      15 14 0      
12 40 0      15 15 0      
11 40 0      15 16 0      
10 40 0      15 17 0      
9 40 0      15 18 0      
8 40 0      15 19 0      
7 40 0      14 19 0      
6 40 0      13 19 0      
5 40 0      12 19 0      
4 40 0      11 19 0      
3 40 0      10 19 0      
2 40 0      9 19 0      
1 40 0      8 19 0      
50 40 0      7 19 0      
49 40 0      6 19 0      
48 40 0      5 19 0      
47 40 0      5 20 0      
46 40 0      5 21 0      
45 40 0      6 21 0      
44 40 0      7 21 0      
43 40 0      8 21 0      
42 40 0      9 21 0      
41 40 0      9 22 0      
40 40 0      9 23 0      
39 40 0      9 24 0      
38 40 0      9 25 0      
37 40 0      9 26 0      
36 40 0      9 27 0      
35 40 0      10 27 0      
34 40 0      11 27 0      
33 40 0      12 27 0      
32 40 0      12 26 0      
31 40 0      12 25 0      
30 40 0      12 24 0      
29 40 0      11 24 0      
28 40 0      11 23 0      
27 40 0      11 22 0      
26 40 0       11 22 1      
26 40 0      11 21 0      
25 40 0      12 21 0      
24 40 0      13 21 0      
23 40 0      14 21 0      
22 40 0      15 21 0      
21 40 0      16 21 0      
20 40 0      17 21 0      
19 40 0      18 21 0      
18 40 0      19 21 0      
17 40 0      20 21 0      
16 40 0      21 21 0      
15 40 0      22 21 0      
14 40 0      23 21 0      
13 40 0      24 21 0      
12 40 0      25 21 0      
11 40 0      26 21 0      
10 40 0      27 21 0      
9 40 0      28 21 0      
8 40 0      29 21 0      
7 40 0      30 21 0      
6 40 0      31 21 0      
5 40 0      31 22 0      
4 40 0      30 22 0      
3 40 0      29 22 0      
2 40 0      28 22 0      
1 40 0      27 22 0      
50 40 0      26 22 0      
49 40 0      25 22 0      
48 40 0      24 22 0      
47 40 0      23 22 0      
46 40 0      22 22 0      
45 40 0      21 22 0      
44 40 0      20 22 0      
43 40 0      19 22 0      
42 40 0      18 22 0      
41 40 0      17 22 0      
40 40 0      17 23 0      
39 40 0      17 24 0      
38 40 0      17 25 0      
37 40 0       17 25 1      
37 40 0      17 26 0      
36 40 0      17 27 0      
35 40 0      16 27 0      
34 40 0       16 27 1      
34 40 0      15 27 0      
33 40 0      14 27 0      
32 40 0      14 26 0      
31 40 0      14 25 0      
30 40 0      14 24 0      
29 40 0      14 23 0      
28 40 0      14 22 0      
27 40 0      14 21 0      
26 40 0      14 20 0      
25 40 0      14 19 0      
24 40 0      14 18 0      
23 40 0      14 17 0      
22 40 0      14 16 0      
21 40 0      14 15 0      
20 40 0      14 14 0      
19 40 0      14 13 0      
18 40 0      14 12 0      
17 40 0      14 11 0      
16 40 0      14 10 0      
15 40 0       14 10 1      
15 40 0      14 9 0      
14 40 0       14 9 1      
14 40 0      14 8 0      
13 40 0      14 7 0      
12 40 0      14 6 0      
11 40 0      15 6 0      
10 40 0      16 6 0      
9 40 0      17 6 0      
8 40 0      18 6 0      
7 40 0      19 6 0      
6 40 0      20 6 0      
5 40 0      21 6 0      
4 40 0      21 5 0      
3 40 0      21 4 0      
2 40 0      21 3 0      
1 40 0      21 52 0      
50 40 0      21 51 0      
49 40 0      21 50 0      
48 40 0      22 50 0      
47 40 0      23 50 0      
46 40 0      24 50 0      
45 40 0      25 50 0      
44 40 0      26 50 0      
43 40 0      27 50 0      
42 40 0      28 50 0      
41 40 0      28 49 0      
40 40 0      28 48 0      
39 40 0      28 47 0      
38 40 0      28 46 0      
37 40 0      28 45 0      
36 40 0      28 44 0      
35 40 0      28 43 0      
34 40 0      28 42 0      
33 40 0      28 41 0      
32 40 0      28 40 0      
31 40 0      27 40 0      
30 40 0      26 40 0      
29 40 0      25 40 0      
28 40 0      24 40 0      
27 40 0      23 40 0      
26 40 0      22 40 0      
25 40 0      21 40 0      
24 40 0      20 40 0      
23 40 0      20 39 0      
22 40 0      20 38 0      
21 40 0       20 38 1      
21 40 0      21 38 0      
20 40 0      22 38 0      
19 40 0      23 38 0      
18 40 0      24 38 0      
17 40 0      25 38 0      
16 40 0      26 38 0      
15 40 0      27 38 0      
14 40 0      28 38 0      
13 40 0      29 38 0      
12 40 0      30 38 0      
11 40 0       30 38 1      
11 40 0      31 38 0      
10 40 0      32 38 0      
9 40 0      33 38 0      
8 40 0      34 38 0      
7 40 0      35 38 0      
6 40 0      36 38 0      
5 40 0      37 38 0      
4 40 0      38 38 0      
3 40 0      38 39 0      
2 40 0      38 40 0      
1 40 0      38 41 0      
50 40 0      38 42 0      
49 40 0      38 43 0      
48 40 0      38 44 0      
47 40 0      38 45 0      
46 40 0      38 46 0      
45 40 0      38 47 0      
44 40 0      38 48 0      
43 40 0      38 49 0      
42 40 0      38 50 0      
41 40 0      38 51 0      
40 40 0      38 52 0      
39 40 0      38 3 0      
38 40 0      38 4 0      
37 40 0      38 5 0      
36 40 0      38 6 0      
35 40 0       38 6 1      
35 40 0      38 7 0      
34 40 0      38 8 0      
33 40 0      38 9 0      
32 40 0      38 10 0      
31 40 0      38 11 0      
30 40 0      38 12 0      
29 40 0      37 12 0      
28 40 0      37 11 0      
27 40 0      37 10 0      
26 40 0      37 9 0      
25 40 0      37 8 0      
24 40 0      37 7 0      
23 40 0       37 7 1      
23 40 0      37 6 0      
22 40 0      37 5 0      
21 40 0      37 4 0      
20 40 0      37 3 0      
19 40 0      37 52 0      
18 40 0      37 51 0      
17 40 0      37 50 0      
16 40 0      37 49 0      
15 40 0       37 49 1      
15 40 0      36 49 0      
14 40 0      35 49 0      
13 40 0      35 50 0      
12 40 0      35 51 0      
11 40 0      35 52 0      
10 40 0      35 3 0      
9 40 0      35 4 0      
8 40 0      35 5 0      
7 40 0      35 6 0      
6 40 0      35 7 0      
5 40 0      35 8 0      
4 40 0      35 9 0      
3 40 0      35 10 0      
2 40 0      35 11 0      
1 40 0      35 12 0      
50 40 0      35 13 0      
49 40 0      35 14 0      
48 40 0      35 15 0      
47 40 0      35 16 0      
46 40 0      35 17 0      
45 40 0      36 17 0      
44 40 0      37 17 0      
43 40 0      38 17 0      
42 40 0      38 16 0      
41 40 0      38 15 0      
40 40 0      38 14 0      
39 40 0      37 14 0      
38 40 0      37 13 0      
37 40 0      37 12 0      
36 40 0      37 11 0      
35 40 0      37 10 0      
34 40 0      37 9 0      
33 40 0      37 8 0      
32 40 0      37 7 0      
31 40 0      37 6 0      
30 40 0      37 5 0      
29 40 0      37 4 0      
28 40 0      38 4 0      
27 40 0      39 4 0      
26 40 0      40 4 0      
25 40 0      41 4 0      
24 40 0      42 4 0      
23 40 0      43 4 0      
22 40 0      44 4 0      
21 40 0      45 4 0      
20 40 0      46 4 0      
19 40 0      47 4 0      
18 40 0      47 3 0      
17 40 0      47 52 0      
16 40 0       47 52 1      
16 40 0      47 51 0      
15 40 0      47 50 0      
14 40 0      47 49 0      
13 40 0      47 48 0      
12 40 0      47 47 0      
11 40 0      47 46 0      
10 40 0      46 46 0      
9 40 0      45 46 0      
8 40 0      44 46 0      
7 40 0      43 46 0      
6 40 0      42 46 0      
5 40 0      41 46 0      
4 40 0      40 46 0      
3 40 0      39 46 0      
2 40 0      38 46 0      
1 40 0      37 46 0      
0 40 0       37 46 1      
50 40 0      36 46 0      
49 40 0      35 46 0      
48 40 0      34 46 0      
47 40 0      33 46 0      
46 40 0      32 46 0      
45 40 0      31 46 0      
44 40 0      30 46 0      
43 40 0      29 46 0      
42 40 0      28 46 0      
41 40 0      27 46 0      
40 40 0      26 46 0      
39 40 0      25 46 0      
38 40 0      24 46 0      
37 40 0      23 46 0      
36 40 0      22 46 0      
35 40 0      21 46 0      
34 40 0      20 46 0      
33 40 0      19 46 0      
32 40 0      18 46 0      
31 40 0      17 46 0      
30 40 0       17 46 1      
30 40 0      16 46 0      
29 40 0      16 45 0      
28 40 0      16 44 0      
27 40 0      16 43 0      
26 40 0      16 42 0      
25 40 0      16 41 0      
24 40 0      16 40 0      
23 40 0      16 39 0      
22 40 0      16 38 0      
21 40 0      16 37 0      
20 40 0      16 36 0      
19 40 0      15 36 0      
18 40 0      14 36 0      
17 40 0      13 36 0      
16 40 0      12 36 0      
15 40 0      11 36 0      
14 40 0      10 36 0      
13 40 0      9 36 0      
12 40 0      8 36 0      
11 40 0      7 36 0      
10 40 0      6 36 0      
9 40 0      5 36 0      
8 40 0      4 36 0      
7 40 0      3 36 0      
6 40 0      2 36 0      
5 40 0      1 36 0      
4 40 0      0 36 0      
3 40 0      50 35 0      
2 40 0      50 34 0      
1 40 0      50 33 0      
50 40 0      50 32 0      
49 40 0      50 31 0      
48 40 0      50 30 0      
47 40 0      50 29 0      
46 40 0      50 28 0      
45 40 0      50 27 0      
44 40 0      50 26 0      
43 40 0      51 26 0      
42 40 0      0 26 0      
41 40 0      1 26 0      
40 40 0      1 25 0      
39 40 0      2 25 0      
38 40 0      3 25 0      
37 40 0      4 25 0      
36 40 0      5 25 0      
35 40 0      6 25 0      
34 40 0      7 25 0      
33 40 0      8 25 0      
32 40 0      9 25 0      
31 40 0      10 25 0      
30 40 0      11 25 0      
29 40 0      11 26 0      
28 40 0      11 27 0      
27 40 0      11 28 0      
26 40 0      11 29 0      
25 40 0      11 30 0      
24 40 0       11 30 1      
24 40 0      11 31 0      
23 40 0      11 32 0      
22 40 0      11 33 0      
21 40 0      11 34 0      
20 40 0      11 35 0      
19 40 0      10 35 0      
18 40 0      9 35 0      
17 40 0      8 35 0      
16 40 0      7 35 0      
15 40 0      6 35 0      
14 40 0      5 35 0      
13 40 0      4 35 0      
12 40 0      3 35 0      
11 40 0      2 35 0      
10 40 0      1 35 0      
9 40 0      0 35 0      
8 40 0      49 35 0      
7 40 0      48 35 0      
6 40 0      47 35 0      
5 40 0      46 35 0      
4 40 0      45 35 0      
3 40 0      44 35 0      
2 40 0      43 35 0      
1 40 0      42 35 0      
50 40 0      41 35 0      
49 40 0      40 35 0      
48 40 0      39 35 0      
47 40 0      39 36 0      
46 40 0      39 37 0      
45 40 0      39 38 0      
44 40 0      39 39 0      
43 40 0      39 40 0      
42 40 0      39 41 0      
41 40 0      39 42 0      
40 40 0      38 42 0      
39 40 0      37 42 0      
38 40 0      36 42 0      
37 40 0      35 42 0      
36 40 0      34 42 0      
35 40 0      33 42 0      
34 40 0      32 42 0      
33 40 0      31 42 0      
32 40 0      30 42 0      
31 40 0      29 42 0      
30 40 0      28 42 0      
29 40 0      27 42 0      
28 40 0      26 42 0      
27 40 0      25 42 0      
26 40 0      24 42 0      
25 40 0      23 42 0      
24 40 0      22 42 0      
23 40 0      21 42 0      
22 40 0      20 42 0      
21 40 0      20 43 0      
20 40 0      20 44 0      
19 40 0      20 45 0      
18 40 0      20 46 0      
17 40 0      20 47 0      
16 40 0      20 48 0      
15 40 0      20 49 0      
14 40 0      20 50 0      
13 40 0      20 51 0      
12 40 0      20 52 0      
11 40 0      20 3 0      
10 40 0      20 4 0      
9 40 0      20 5 0      
8 40 0      20 6 0      
7 40 0      19 6 0      
6 40 0      18 6 0      
5 40 0      17 6 0      
4 40 0      16 6 0      
3 40 0      15 6 0      
2 40 0      14 6 0      
1 40 0      13 6 0      
50 40 0      12 6 0      
49 40 0      11 6 0      
48 40 0      11 7 0      
47 40 0      11 8 0      
46 40 0      11 9 0      
45 40 0      11 10 0      
44 40 0      11 11 0      
43 40 0      11 12 0      
42 40 0      11 13 0      
41 40 0      11 14 0      
40 40 0      11 15 0      
39 40 0      12 15 0      
38 40 0      12 16 0      
37 40 0      12 17 0      
36 40 0      12 18 0      
35 40 0      12 19 0      
34 40 0      12 20 0      
33 40 0      12 21 0      
32 40 0      12 22 0      
31 40 0      11 22 0      
30 40 0      10 22 0      
29 40 0      9 22 0      
28 40 0      9 21 0      
27 40 0      9 20 0      
26 40 0      8 20 0      
25 40 0      7 20 0      
24 40 0       7 20 1      
24 40 0      6 20 0      
23 40 0      5 20 0      
22 40 0      4 20 0      
21 40 0      3 20 0      
20 40 0      3 21 0      
19 40 0       3 21 1      
19 40 0      2 21 0      
18 40 0      2 22 0      
17 40 0      2 23 0      
16 40 0      2 24 0      
15 40 0      2 25 0      
14 40 0      2 26 0      
13 40 0      2 27 0      
12 40 0      2 28 0      
11 40 0      2 29 0      
10 40 0      2 30 0      
9 40 0      2 31 0      
8 40 0      2 32 0      
7 40 0      2 33 0      
6 40 0      2 34 0      
5 40 0      2 35 0      
4 40 0      2 36 0      
3 40 0      2 37 0      
2 40 0      2 38 0      
1 40 0      2 39 0      
50 40 0      2 40 0      
49 40 0      2 41 0      
48 40 0      2 42 0      
47 40 0      2 43 0      
46 40 0      2 44 0      
45 40 0      2 45 0      
44 40 0      2 46 0      
43 40 0      2 47 0      
42 40 0      2 48 0      
41 40 0      2 49 0      
40 40 0      2 50 0      
39 40 0      1 50 0      
38 40 0      0 50 0      
37 40 0      49 50 0      
36 40 0      48 50 0      
35 40 0      47 50 0      
34 40 0      46 50 0      
33 40 0       46 50 1      
33 40 0      45 50 0      
32 40 0      44 50 0      
31 40 0      43 50 0      
30 40 0      42 50 0      
29 40 0      41 50 0      
28 40 0      40 50 0      
27 40 0      39 50 0      
26 40 0      38 50 0      
25 40 0      37 50 0      
24 40 0      36 50 0      
23 40 0      35 50 0      
22 40 0      34 50 0      
21 40 0      33 50 0      
20 40 0      33 49 0      
19 40 0      33 48 0      
18 40 0      33 47 0      
17 40 0      33 46 0      
16 40 0      33 45 0      
15 40 0      33 44 0      
14 40 0      33 43 0      
13 40 0      33 42 0      
12 40 0      33 41 0      
11 40 0      33 40 0      
10 40 0      33 39 0      
9 40 0      34 39 0      
8 40 0      35 39 0      
7 40 0      36 39 0      
6 40 0      37 39 0      
5 40 0      38 39 0      
4 40 0      39 39 0      
3 40 0      40 39 0      
2 40 0      41 39 0      
1 40 0      42 39 0      
50 40 0      43 39 0      
49 40 0      44 39 0      
48 40 0      45 39 0      
47 40 0      46 39 0      
46 40 0      47 39 0      
45 40 0      47 40 0      
44 40 0      47 41 0      
43 40 0      47 42 0      
42 40 0      47 43 0      
41 40 0      47 44 0      
40 40 0      47 45 0      
39 40 0      47 46 0      
38 40 0      47 47 0      
37 40 0      47 48 0      
36 40 0      47 49 0      
35 40 0      47 50 0      
34 40 0      47 51 0      
33 40 0      47 52 0      
32 40 0      47 3 0      
31 40 0      47 4 0      
30 40 0      47 5 0      
29 40 0      47 6 0      
28 40 0      47 7 0      
27 40 0      47 8 0      
26 40 0      47 9 0      
25 40 0      47 10 0      
24 40 0      47 11 0      
23 40 0      46 11 0      
22 40 0      45 11 0      
21 40 0      44 11 0      
20 40 0      43 11 0      
19 40 0      42 11 0      
18 40 0      42 10 0      
17 40 0      42 9 0      
16 40 0      42 8 0      
15 40 0      42 7 0      
14 40 0      42 6 0      
13 40 0      42 5 0      
12 40 0      42 4 0      
11 40 0      42 3 0      
10 40 0      42 52 0      
9 40 0      42 51 0      
8 40 0      42 50 0      
7 40 0      42 49 0      
6 40 0      42 48 0      
5 40 0      42 47 0      
4 40 0      42 46 0      
3 40 0      42 45 0      
2 40 0      42 44 0      
1 40 0      43 44 0      
50 40 0      44 44 0      
49 40 0      45 44 0      
48 40 0       45 44 1      
48 40 0      46 44 0      
47 40 0      47 44 0      
46 40 0      48 44 0      
45 40 0       48 44 1      
45 40 0      48 43 0      
44 40 0      48 42 0      
43 40 0      48 41 0      
42 40 0      48 40 0      
41 40 0      48 39 0      
40 40 0      48 38 0      
39 40 0      48 37 0      
38 40 0      47 37 0      
37 40 0      46 37 0      
36 40 0      45 37 0      
35 40 0      44 37 0      
34 40 0      43 37 0      
33 40 0      42 37 0      
32 40 0      41 37 0      
31 40 0      40 37 0      
30 40 0      39 37 0      
29 40 0      38 37 0      
28 40 0      37 37 0      
27 40 0      36 37 0      
26 40 0      35 37 0      
25 40 0      34 37 0      
24 40 0      33 37 0      
23 40 0      32 37 0      
22 40 0      31 37 0      
21 40 0      30 37 0      
20 40 0      29 37 0      
19 40 0      28 37 0      
18 40 0      27 37 0      
17 40 0      26 37 0      
16 40 0      25 37 0      
15 40 0      24 37 0      
14 40 0      23 37 0      
13 40 0      23 36 0      
12 40 0      22 36 0      
11 40 0      21 36 0      
10 40 0      20 36 0      
9 40 0      19 36 0      
8 40 0      18 36 0      
7 40 0      18 35 0      
6 40 0      18 34 0      
5 40 0      18 33 0      
4 40 0      18 32 0      
3 40 0      18 31 0      
2 40 0      18 30 0      
1 40 0       18 30 1      
1 40 0      19 30 0      
50 40 0      20 30 0      
49 40 0      21 30 0      
48 40 0      22 30 0      
47 40 0      23 30 0      
46 40 0      23 29 0      
45 40 0      23 28 0      
44 40 0      23 27 0      
43 40 0      24 27 0      
42 40 0      24 26 0      
41 40 0      24 25 0      
40 40 0      24 24 0      
39 40 0      24 23 0      
38 40 0      24 22 0      
37 40 0      24 21 0      
36 40 0      24 20 0      
35 40 0      24 19 0      
34 40 0      24 18 0      
33 40 0       24 18 1      
33 40 0      24 17 0      
32 40 0      24 16 0      
31 40 0      25 16 0      
30 40 0      26 16 0      
29 40 0      26 17 0      
28 40 0       26 17 1      
28 40 0      26 18 0      
27 40 0      27 18 0      
26 40 0      28 18 0      
25 40 0      29 18 0      
24 40 0      30 18 0      
23 40 0      31 18 0      
22 40 0       31 18 1      
22 40 0      32 18 0      
21 40 0      33 18 0      
20 40 0      34 18 0      
19 40 0      35 18 0      
18 40 0      36 18 0      
17 40 0      36 19 0      
16 40 0       36 19 1      
16 40 0      36 20 0      
15 40 0      36 21 0      
14 40 0      36 22 0      
13 40 0      36 23 0      
12 40 0      36 24 0      
11 40 0      36 25 0      
10 40 0       36 25 1      
10 40 0      36 26 0      
9 40 0      36 27 0      
8 40 0      36 28 0      
7 40 0      36 29 0      
6 40 0      36 30 0      
5 40 0      36 31 0      
4 40 0      36 32 0      
3 40 0      36 33 0      
2 40 0      36 34 0      
1 40 0       36 34 1      
1 40 0      36 35 0      
50 40 0      36 36 0      
49 40 0      36 37 0      
48 40 0      37 37 0      
47 40 0      38 37 0      
46 40 0      38 36 0      
45 40 0      38 35 0      
44 40 0      38 34 0      
43 40 0      38 33 0      
42 40 0      38 32 0      
41 40 0      38 31 0      
40 40 0      38 30 0      
39 40 0      38 29 0      
38 40 0      38 28 0      
37 40 0      38 27 0      
36 40 0      38 26 0      
35 40 0      38 25 0      
34 40 0      39 25 0      
33 40 0      40 25 0      
32 40 0      41 25 0      
31 40 0      42 25 0      
30 40 0      43 25 0      
29 40 0      44 25 0      
28 40 0      45 25 0      
27 40 0      46 25 0      
26 40 0      47 25 0      
25 40 0      48 25 0      
24 40 0      49 25 0      
23 40 0      -1 24 0      
22 40 0      -1 23 0      
21 40 0      -1 22 0      
20 40 0      0 22 0      
19 40 0      1 22 0      
18 40 0      1 23 0      
17 40 0      1 24 0      
16 40 0      1 25 0      
15 40 0      1 26 0      
14 40 0      1 27 0      
13 40 0      1 28 0      
12 40 0      1 29 0      
11 40 0      1 30 0      
10 40 0      1 31 0      
9 40 0      1 32 0      
8 40 0      1 33 0      
7 40 0      1 34 0      
6 40 0      1 35 0      
5 40 0      1 36 0      
4 40 0      1 37 0      
3 40 0      1 38 0      
2 40 0      1 39 0      
1 40 0      1 40 0      
50 40 0      2 40 0      
49 40 0      3 40 0      
48 40 0      4 40 0      
47 40 0      5 40 0      
46 40 0      6 40 0      
45 40 0      7 40 0      
44 40 0      8 40 0      
43 40 0      9 40 0      
42 40 0      10 40 0      
41 40 0      11 40 0      
40 40 0      12 40 0      
39 40 0      13 40 0      
38 40 0      14 40 0      
37 40 0      15 40 0      
36 40 0      16 40 0      
35 40 0      17 40 0      
34 40 0      18 40 0      
33 40 0      19 40 0      
32 40 0      20 40 0      
31 40 0      21 40 0      
30 40 0      22 40 0      
29 40 0      23 40 0      
28 40 0      24 40 0      
27 40 0      24 39 0      
26 40 0      24 38 0      
25 40 0      23 38 0      
24 40 0      22 38 0      
23 40 0      21 38 0      
22 40 0      20 38 0      
21 40 0      19 38 0      
20 40 0      18 38 0      
19 40 0      17 38 0      
18 40 0      17 39 0      
17 40 0      17 40 0      
16 40 0      17 41 0      
15 40 0      17 42 0      
14 40 0      17 43 0      
13 40 0       17 43 1      
13 40 0      17 44 0      
12 40 0      17 45 0      
11 40 0      17 46 0      
10 40 0      17 47 0      
9 40 0      17 48 0      
8 40 0      17 49 0      
7 40 0      17 50 0      
6 40 0      17 51 0      
5 40 0      17 52 0      
4 40 0      16 2 0      
3 40 0      15 2 0      
2 40 0      14 2 0      
1 40 0      13 2 0      
50 40 0      12 2 0      
49 40 0      11 2 0      
48 40 0      10 2 0      
47 40 0      10 3 0      
46 40 0      11 3 0      
45 40 0      12 3 0      
44 40 0       12 3 1      
44 40 0      13 3 0      
43 40 0      14 3 0      
42 40 0      15 3 0      
41 40 0      16 3 0      
40 40 0      17 3 0      
39 40 0      18 3 0      
38 40 0      19 3 0      
37 40 0      20 3 0      
36 40 0      21 3 0      
35 40 0      22 3 0      
34 40 0      23 3 0      
33 40 0      24 3 0      
32 40 0      25 3 0      
31 40 0      26 3 0      
30 40 0      27 3 0      
29 40 0      28 3 0      
28 40 0      29 3 0      
27 40 0      30 3 0      
26 40 0      31 3 0      
25 40 0      32 3 0      
24 40 0      33 3 0      
23 40 0      34 3 0      
22 40 0      35 3 0      
21 40 0      36 3 0      
20 40 0      37 3 0      
19 40 0      38 3 0      
18 40 0      39 3 0      
17 40 0      40 3 0      
16 40 0      41 3 0      
15 40 0      42 3 0      
14 40 0      43 3 0      
13 40 0      43 4 0      
12 40 0      43 5 0      
11 40 0      43 6 0      
10 40 0      43 7 0      
9 40 0      43 8 0      
8 40 0      43 9 0      
7 40 0      43 10 0      
6 40 0      43 11 0      
5 40 0      43 12 0      
4 40 0      43 13 0      
3 40 0      43 14 0      
2 40 0      43 15 0      
1 40 0      43 16 0      
50 40 0      43 17 0      
49 40 0      43 18 0      
48 40 0      43 19 0      
47 40 0      43 20 0      
46 40 0      43 21 0      
45 40 0      43 22 0      
44 40 0      43 23 0      
43 40 0      43 24 0      
42 40 0      43 25 0      
41 40 0      43 26 0      
40 40 0      43 27 0      
39 40 0      43 28 0      
38 40 0      43 29 0      
37 40 0      43 30 0      
36 40 0      43 31 0      
35 40 0      43 32 0      
34 40 0      43 33 0      
33 40 0       43 33 1      
33 40 0      43 34 0      
32 40 0      43 35 0      
31 40 0      43 36 0      
30 40 0      43 37 0      
29 40 0      43 38 0      
28 40 0      43 39 0      
27 40 0      43 40 0      
26 40 0      43 41 0      
25 40 0      43 42 0      
24 40 0      43 43 0      
23 40 0      43 44 0      
22 40 0      43 45 0      
21 40 0      43 46 0      
20 40 0      43 47 0      
19 40 0      43 48 0      
18 40 0       43 48 1      
18 40 0      43 49 0      
17 40 0      43 50 0      
16 40 0      43 51 0      
15 40 0      43 52 0      
14 40 0      43 3 0      
13 40 0      43 4 0      
12 40 0      43 5 0      
11 40 0      43 6 0      
10 40 0      43 7 0      
9 40 0      43 8 0      
8 40 0      43 9 0      
7 40 0      43 10 0      
6 40 0      43 11 0      
5 40 0      43 12 0      
4 40 0      43 13 0      
3 40 0      43 14 0      
2 40 0      43 15 0      
1 40 0      43 16 0      
