10 40 0      40 20 0      
9 40 0      40 21 0      
8 40 0      41 21 0      
7 40 0      42 21 0      
6 40 0      43 21 0      
5 40 0      44 21 0      
4 40 0      44 20 0      
3 40 0      44 19 0      
2 40 0      44 18 0      
1 40 0      44 17 0      
50 40 0      44 16 0      
49 40 0      44 15 0      
48 40 0      43 15 0      
47 40 0       43 15 1      
47 40 0      42 15 0      
46 40 0      41 15 0      
45 40 0      40 15 0      
44 40 0      39 15 0      
43 40 0      39 16 0      
42 40 0      39 17 0      
41 40 0      39 18 0      
40 40 0      39 19 0      
39 40 0      39 20 0      
38 40 0      39 21 0      
37 40 0      39 22 0      
36 40 0      39 23 0      
35 40 0      40 23 0      
34 40 0      41 23 0      
33 40 0      42 23 0      
32 40 0      43 23 0      
31 40 0      44 23 0      
30 40 0      45 23 0      
29 40 0      46 23 0      
28 40 0      47 23 0      
27 40 0      48 23 0      
26 40 0      49 23 0      
25 40 0      0 23 0      
24 40 0      0 24 0      
23 40 0      0 25 0      
22 40 0      0 26 0      
21 40 0      0 27 0      
20 40 0      0 28 0      
19 40 0      0 29 0      
18 40 0      1 29 0      
17 40 0      2 29 0      
16 40 0      3 29 0      
15 40 1      4 29 0      
14 40 0      4 28 0      
13 40 0       4 28 1      
13 40 0      4 27 0      
12 40 0      4 26 0      
11 40 0      5 26 0      
10 40 0      6 26 0      
9 40 0      7 26 0      
8 40 0      7 25 0      
7 40 0      7 24 0      
6 40 0      7 23 0      
5 40 0      7 22 0      
4 40 0      7 21 0      
3 40 0      7 20 0      
2 40 0      7 19 0      
1 40 0      7 18 0      
50 40 0      7 17 0      
49 40 0      6 17 0      
48 40 0      5 17 0      
47 40 0      4 17 0      
46 40 0      3 17 0      
45 40 0      2 17 0      
44 40 0      1 17 0      
43 40 0      0 17 0      
42 40 0       0 17 1      
42 40 0      49 17 0      
41 40 0      48 17 0      
40 40 0      47 17 0      
39 40 0      46 17 0      
38 40 0      45 17 0      
37 40 0      44 17 0      
36 40 0      43 17 0      
35 40 0      42 17 0      
34 40 0      41 17 0      
33 40 0      40 17 0      
32 40 0      39 17 0      
31 40 0      38 17 0      
30 40 0      37 17 0      
29 40 0      36 17 0      
28 40 0      35 17 0      
27 40 0      34 17 0      
26 40 0      33 17 0      
25 40 0      32 17 0      
24 40 0      31 17 0      
23 40 0      31 18 0      
22 40 0      31 19 0      
21 40 0      31 20 0      
20 40 0      31 21 0      
19 40 0      31 22 0      
18 40 0      31 23 0      
17 40 0      30 23 0      
16 40 0      29 23 0      
15 40 0      28 23 0      
14 40 0      27 23 0      
13 40 0      26 23 0      
12 40 0      25 23 0      
11 40 0      24 23 0      
10 40 0      23 23 0      
9 40 0      22 23 0      
8 40 0      21 23 0      
7 40 0      20 23 0      
6 40 0      20 24 0      
5 40 0      20 25 0      
4 40 0      20 26 0      
3 40 0      20 27 0      
2 40 0      20 28 0      
1 40 0      20 29 0      
50 40 0      20 30 0      
49 40 0      20 31 0      
48 40 0      20 32 0      
47 40 0      20 33 0      
46 40 0      20 34 0      
45 40 0      19 34 0      
44 40 0      18 34 0      
43 40 0      17 34 0      
42 40 0      16 34 0      
41 40 0      15 34 0      
40 40 0      14 34 0      
39 40 0      13 34 0      
38 40 0      12 34 0      
37 40 0      12 33 0      
36 40 0      12 32 0      
35 40 0      12 31 0      
34 40 0      12 30 0      
33 40 0      12 29 0      
32 40 0      12 28 0      
31 40 0      11 28 0      
30 40 0      10 28 0      
29 40 0      9 28 0      
28 40 0       9 28 1      
28 40 0      9 27 0      
27 40 0      8 27 0      
26 40 0      7 27 0      
25 40 0      6 27 0      
24 40 0      5 27 0      
23 40 0      4 27 0      
22 40 0      3 27 0      
21 40 0       3 27 1      
21 40 0      2 27 0      
20 40 0      1 27 0      
19 40 0      0 27 0      
18 40 0      49 27 0      
17 40 0      48 27 0      
16 40 0      47 27 0      
15 40 0      46 27 0      
14 40 0      45 27 0      
13 40 0      44 27 0      
12 40 0      43 27 0      
11 40 0      42 27 0      
10 40 0      42 26 0      
9 40 0      42 25 0      
8 40 0      42 24 0      
7 40 0      42 23 0      
6 40 0      42 22 0      
5 40 0      42 21 0      
4 40 0      42 20 0      
3 40 0      42 19 0      
2 40 0      42 18 0      
1 40 0      43 18 0      
50 40 0      44 18 0      
49 40 0      45 18 0      
48 40 0      46 18 0      
47 40 0      47 18 0      
46 40 0      48 18 0      
45 40 0      49 18 0      
44 40 0      0 18 0      
43 40 0      1 18 0      
42 40 0      2 18 0      
41 40 0      3 18 0      
40 40 0      4 18 0      
39 40 0      5 18 0      
38 40 0      6 18 0      
37 40 0      7 18 0      
36 40 0      8 18 0      
35 40 0      9 18 0      
34 40 0       9 18 1      
34 40 0      9 17 0      
33 40 0      9 16 0      
32 40 0      9 15 0      
31 40 0      10 15 0      
30 40 0      11 15 0      
29 40 0      12 15 0      
28 40 0      13 15 0      
27 40 0      14 15 0      
26 40 0      15 15 0      
25 40 0      16 15 0      
24 40 0      16 14 0      
23 40 0      16 13 0      
22 40 0      16 12 0      
21 40 0      16 11 0      
20 40 0      16 10 0      
19 40 0       16 10 1      
19 40 0      16 9 0      
18 40 0      16 8 0      
17 40 0      16 7 0      
16 40 0      16 6 0      
15 40 0      16 5 0      
14 40 0      16 4 0      
13 40 0      16 3 0      
12 40 0      16 52 0      
11 40 0      16 51 0      
10 40 0      16 50 0      
9 40 0      16 49 0      
8 40 0      16 48 0      
7 40 0      16 47 0      
6 40 0      16 46 0      
5 40 0      16 45 0      
4 40 0      17 45 0      
3 40 0      18 45 0      
2 40 0      19 45 0      
1 40 0      20 45 0      
50 40 0      21 45 0      
49 40 0      22 45 0      
48 40 0      23 45 0      
47 40 0      24 45 0      
46 40 0      25 45 0      
45 40 0      26 45 0      
44 40 0      27 45 0      
43 40 0      28 45 0      
42 40 0      29 45 0      
41 40 0      30 45 0      
40 40 0      31 45 0      
39 40 0      32 45 0      
38 40 0      33 45 0      
37 40 0      34 45 0      
36 40 0       34 45 1      
36 40 0      35 45 0      
35 40 0      36 45 0      
34 40 0      37 45 0      
33 40 0      38 45 0      
32 40 0      39 45 0      
31 40 0      40 45 0      
30 40 0       40 45 1      
30 40 0      41 45 0      
29 40 0      42 45 0      
28 40 0      43 45 0      
27 40 0      44 45 0      
26 40 0      45 45 0      
25 40 0      45 46 0      
24 40 0      45 47 0      
23 40 0      45 48 0      
22 40 0      45 49 0      
21 40 0      45 50 0      
20 40 0      45 51 0      
19 40 0      45 52 0      
18 40 0      45 3 0      
17 40 0      45 4 0      
16 40 0      45 5 0      
15 40 0      46 5 0      
14 40 0      47 5 0      
13 40 0      48 5 0      
12 40 0      49 5 0      
11 40 0      0 5 0      
10 40 0      1 5 0      
9 40 0      1 4 0      
8 40 0      1 3 0      
7 40 0      1 52 0      
6 40 0      1 51 0      
5 40 0      1 50 0      
4 40 0      1 49 0      
3 40 0      1 48 0      
2 40 0       1 48 1      
2 40 0      2 48 0      
1 40 0      3 48 0      
50 40 0      4 48 0      
49 40 0      5 48 0      
48 40 0      6 48 0      
47 40 0      7 48 0      
46 40 0      8 48 0      
45 40 0      9 48 0      
44 40 0       9 48 1      
44 40 0      10 48 0      
43 40 0      11 48 0      
42 40 0      12 48 0      
41 40 0      13 48 0      
40 40 0      13 47 0      
39 40 0      13 46 0      
38 40 0      13 45 0      
37 40 0      13 44 0      
36 40 0      13 43 0      
35 40 0      13 42 0      
34 40 0      13 41 0      
33 40 0      13 40 0      
32 40 0      13 39 0      
31 40 0      13 38 0      
30 40 0       13 38 1      
30 40 0      13 37 0      
29 40 0      13 36 0      
28 40 0      13 35 0      
27 40 0      13 34 0      
26 40 0      14 34 0      
25 40 0      15 34 0      
24 40 0      16 34 0      
23 40 0      17 34 0      
22 40 0      18 34 0      
21 40 0      19 34 0      
20 40 0      20 34 0      
19 40 0      20 33 0      
18 40 0      20 32 0      
17 40 0      20 31 0      
16 40 0      20 30 0      
15 40 0      19 30 0      
14 40 0      18 30 0      
13 40 0      17 30 0      
12 40 0      16 30 0      
11 40 0      15 30 0      
10 40 0      14 30 0      
9 40 0      13 30 0      
8 40 0      13 29 0      
7 40 0      13 28 0      
6 40 0      13 27 0      
5 40 0       13 27 1      
5 40 0      13 26 0      
4 40 0      13 25 0      
3 40 0      13 24 0      
2 40 0      13 23 0      
1 40 0      13 22 0      
50 40 0      12 22 0      
49 40 0      11 22 0      
48 40 0      10 22 0      
47 40 0      9 22 0      
46 40 0      8 22 0      
45 40 0      7 22 0      
44 40 0      6 22 0      
43 40 0      5 22 0      
42 40 0      4 22 0      
41 40 0      3 22 0      
40 40 0      2 22 0      
39 40 0      1 22 0      
38 40 0      0 22 0      
37 40 0       0 22 1      
37 40 0      49 22 0      
36 40 0       49 22 1      
36 40 0      48 22 0      
35 40 0      47 22 0      
34 40 0      46 22 0      
33 40 0      45 22 0      
32 40 0      44 22 0      
31 40 0      43 22 0      
30 40 0      42 22 0      
29 40 0      41 22 0      
28 40 0      40 22 0      
27 40 0      39 22 0      
26 40 0      38 22 0      
25 40 0      37 22 0      
24 40 0      37 21 0      
23 40 0      37 20 0      
22 40 0      37 19 0      
21 40 0      37 18 0      
20 40 0      37 17 0      
19 40 0      37 16 0      
18 40 0      37 15 0      
17 40 0      37 14 0      
16 40 0      37 13 0      
15 40 0      37 12 0      
14 40 0      37 11 0      
13 40 0      37 10 0      
12 40 0       37 10 1      
12 40 0      37 9 0      
11 40 0      37 8 0      
10 40 0      37 7 0      
9 40 0      37 6 0      
8 40 0      36 6 0      
7 40 0      35 6 0      
6 40 0      34 6 0      
5 40 0      33 6 0      
4 40 0      32 6 0      
3 40 0       32 6 1      
3 40 0      31 6 0      
2 40 0      30 6 0      
1 40 0      29 6 0      
50 40 0      28 6 0      
49 40 0      27 6 0      
48 40 0      26 6 0      
47 40 0      25 6 0      
46 40 0      24 6 0      
45 40 0      23 6 0      
44 40 0      22 6 0      
43 40 0      21 6 0      
42 40 0      20 6 0      
41 40 0      19 6 0      
40 40 0      18 6 0      
39 40 0      17 6 0      
38 40 0      16 6 0      
37 40 0      15 6 0      
36 40 0      14 6 0      
35 40 0      13 6 0      
34 40 0      12 6 0      
33 40 0      12 5 0      
32 40 0      12 4 0      
31 40 0      12 3 0      
30 40 0      12 52 0      
29 40 0      12 51 0      
28 40 0      12 50 0      
27 40 0      12 49 0      
26 40 0      12 48 0      
25 40 0      13 48 0      
24 40 0      14 48 0      
23 40 0      15 48 0      
22 40 0      16 48 0      
21 40 0      17 48 0      
20 40 0      18 48 0      
19 40 0      19 48 0      
18 40 0      20 48 0      
17 40 0      21 48 0      
16 40 0      22 48 0      
15 40 0      23 48 0      
14 40 0      24 48 0      
13 40 0      25 48 0      
12 40 0       25 48 1      
12 40 0      26 48 0      
11 40 0      27 48 0      
10 40 0      28 48 0      
9 40 0      29 48 0      
8 40 0      30 48 0      
7 40 0      30 49 0      
6 40 0      30 50 0      
5 40 0      30 51 0      
4 40 0      29 51 0      
3 40 0       29 51 1      
3 40 0      29 52 0      
2 40 0      29 3 0      
1 40 0      29 4 0      
50 40 0      29 5 0      
49 40 0      29 6 0      
48 40 0      29 7 0      
47 40 0      29 8 0      
46 40 0      29 9 0      
45 40 0      29 10 0      
44 40 0      29 11 0      
43 40 0       29 11 1      
43 40 0      29 12 0      
42 40 0      29 13 0      
41 40 0      29 14 0      
40 40 0      29 15 0      
39 40 0      29 16 0      
38 40 0      29 17 0      
37 40 0      29 18 0      
36 40 0      29 19 0      
35 40 0      29 20 0      
34 40 0      29 21 0      
33 40 0      28 21 0      
32 40 0      27 21 0      
31 40 0      26 21 0      
30 40 0      26 22 0      
29 40 0      26 23 0      
28 40 0      25 23 0      
27 40 0      24 23 0      
26 40 0      23 23 0      
25 40 0      22 23 0      
24 40 0      21 23 0      
23 40 0      20 23 0      
22 40 0      19 23 0      
21 40 0      18 23 0      
20 40 0      17 23 0      
19 40 0      16 23 0      
18 40 0      15 23 0      
17 40 0      14 23 0      
16 40 0      14 22 0      
15 40 0      14 21 0      
14 40 0      14 20 0      
13 40 0      14 19 0      
12 40 0      14 18 0      
11 40 0      15 18 0      
10 40 0      16 18 0      
9 40 0      17 18 0      
8 40 0      17 19 0      
7 40 0      17 20 0      
6 40 0      17 21 0      
5 40 0      17 22 0      
4 40 0      17 23 0      
3 40 0      17 24 0      
2 40 0      17 25 0      
1 40 0      17 26 0      
50 40 0      17 27 0      
49 40 0      17 28 0      
48 40 0      18 28 0      
47 40 0      19 28 0      
46 40 0      20 28 0      
45 40 0      21 28 0      
44 40 0      22 28 0      
43 40 0      23 28 0      
42 40 0      24 28 0      
41 40 0      25 28 0      
40 40 0      26 28 0      
39 40 0      27 28 0      
38 40 0      28 28 0      
37 40 0      29 28 0      
36 40 0      30 28 0      
35 40 0      31 28 0      
34 40 0      32 28 0      
33 40 0      33 28 0      
32 40 0      34 28 0      
31 40 0      35 28 0      
30 40 0      36 28 0      
29 40 0      36 29 0      
28 40 0      36 30 0      
27 40 0      36 31 0      
26 40 0      36 32 0      
25 40 0      36 33 0      
24 40 0      36 34 0      
23 40 0      36 35 0      
22 40 0      36 36 0      
21 40 0      36 37 0      
20 40 0      37 37 0      
19 40 0      38 37 0      
18 40 0      39 37 0      
17 40 0      40 37 0      
16 40 0      41 37 0      
15 40 0      42 37 0      
14 40 0      42 38 0      
13 40 0       42 38 1      
13 40 0      42 39 0      
12 40 0      42 40 0      
11 40 0      42 41 0      
10 40 0      42 42 0      
9 40 0      42 43 0      
8 40 0      42 44 0      
7 40 0      42 45 0      
6 40 0      42 46 0      
5 40 0      42 47 0      
4 40 0      42 48 0      
3 40 0      42 49 0      
2 40 0      42 50 0      
1 40 0      42 51 0      
50 40 0      41 51 0      
49 40 0      40 51 0      
48 40 0      39 51 0      
47 40 0      38 51 0      
46 40 0      37 51 0      
45 40 0      37 50 0      
44 40 0      37 49 0      
43 40 0      37 48 0      
42 40 0      37 47 0      
41 40 0      38 47 0      
40 40 0      39 47 0      
39 40 0      40 47 0      
38 40 0      41 47 0      
37 40 0      41 46 0      
36 40 0      41 45 0      
35 40 0      40 45 0      
34 40 0      39 45 0      
33 40 0      38 45 0      
32 40 0      38 46 0      
31 40 0      38 47 0      
30 40 0      38 48 0      
29 40 0      38 49 0      
28 40 0      38 50 0      
27 40 0      38 51 0      
26 40 0      38 52 0      
25 40 0      37 2 0      
24 40 0      36 2 0      
23 40 0      35 2 0      
22 40 0      34 2 0      
21 40 0      33 2 0      
20 40 0      32 2 0      
19 40 0      31 2 0      
18 40 0      30 2 0      
17 40 0      29 2 0      
16 40 0      28 2 0      
15 40 0      27 2 0      
14 40 0      26 2 0      
13 40 0      25 2 0      
12 40 0      24 2 0      
11 40 0      23 2 0      
10 40 0      22 2 0      
9 40 0      21 2 0      
8 40 0      20 2 0      
7 40 0      19 2 0      
6 40 0      18 2 0      
5 40 0      17 2 0      
4 40 0      16 2 0      
3 40 0      15 2 0      
2 40 0      14 2 0      
1 40 0      13 2 0      
50 40 0      13 3 0      
49 40 0      13 4 0      
48 40 0      13 5 0      
47 40 0      13 6 0      
46 40 0      13 7 0      
45 40 0       13 7 1      
45 40 0      13 8 0      
44 40 0      13 9 0      
43 40 0      13 10 0      
42 40 0      13 11 0      
41 40 0      13 12 0      
40 40 0      13 13 0      
39 40 0      13 14 0      
38 40 0      13 15 0      
37 40 0      13 16 0      
36 40 0      14 16 0      
35 40 0      14 17 0      
34 40 0      15 17 0      
33 40 0      16 17 0      
32 40 0      17 17 0      
31 40 0      18 17 0      
30 40 0      19 17 0      
29 40 0      20 17 0      
28 40 0      21 17 0      
27 40 0      22 17 0      
26 40 0      23 17 0      
25 40 0      24 17 0      
24 40 0      25 17 0      
23 40 0      26 17 0      
22 40 0      27 17 0      
21 40 0      28 17 0      
20 40 0      29 17 0      
19 40 0      30 17 0      
18 40 0      31 17 0      
17 40 0      32 17 0      
16 40 0      33 17 0      
15 40 0      34 17 0      
14 40 0      35 17 0      
13 40 0      36 17 0      
12 40 0      37 17 0      
11 40 0      38 17 0      
10 40 0      39 17 0      
9 40 0      40 17 0      
8 40 0      40 16 0      
7 40 0      39 16 0      
6 40 0      38 16 0      
5 40 0       38 16 1      
5 40 0      37 16 0      
4 40 0      36 16 0      
3 40 0      35 16 0      
2 40 0      34 16 0      
1 40 0      33 16 0      
50 40 0      32 16 0      
49 40 0      31 16 0      
48 40 0      30 16 0      
47 40 0      29 16 0      
46 40 0      28 16 0      
45 40 0      28 17 0      
44 40 0      28 18 0      
43 40 0      28 19 0      
42 40 0      28 20 0      
41 40 0      28 21 0      
40 40 0      29 21 0      
39 40 0      30 21 0      
38 40 0      31 21 0      
37 40 0      32 21 0      
36 40 0      33 21 0      
35 40 0      34 21 0      
34 40 0      34 22 0      
33 40 0      34 23 0      
32 40 0      34 24 0      
31 40 0      34 25 0      
30 40 0      34 26 0      
29 40 0      34 27 0      
28 40 0      34 28 0      
27 40 0      34 29 0      
26 40 0      34 30 0      
25 40 0      33 30 0      
24 40 0      32 30 0      
23 40 0      31 30 0      
22 40 0      30 30 0      
21 40 0      29 30 0      
20 40 0      28 30 0      
19 40 0      27 30 0      
18 40 0      26 30 0      
17 40 0      26 31 0      
16 40 0      26 32 0      
15 40 0      27 32 0      
14 40 0      28 32 0      
13 40 0      29 32 0      
12 40 0      30 32 0      
11 40 0      31 32 0      
10 40 0      32 32 0      
9 40 0      33 32 0      
8 40 0      34 32 0      
7 40 0      35 32 0      
6 40 0      36 32 0      
5 40 0      36 31 0      
4 40 0      36 30 0      
3 40 0      36 29 0      
2 40 0      36 28 0      
1 40 0      37 28 0      
50 40 0      38 28 0      
49 40 0       38 28 1      
49 40 0      39 28 0      
48 40 0      40 28 0      
47 40 0      41 28 0      
46 40 0      42 28 0      
45 40 0      43 28 0      
44 40 0      43 29 0      
43 40 0      43 30 0      
42 40 0      43 31 0      
41 40 0      44 31 0      
40 40 0      45 31 0      
39 40 0      46 31 0      
38 40 0      46 32 0      
37 40 0      46 33 0      
36 40 0      46 34 0      
35 40 0      47 34 0      
34 40 0      48 34 0      
33 40 0      49 34 0      
32 40 0      0 34 0      
31 40 0      1 34 0      
30 40 0      1 35 0      
29 40 0      1 36 0      
28 40 0      1 37 0      
27 40 0      1 38 0      
26 40 0      1 39 0      
25 40 0      0 39 0      
24 40 0       0 39 1      
24 40 0      49 39 0      
23 40 0      48 39 0      
22 40 0      47 39 0      
21 40 0      46 39 0      
20 40 0      45 39 0      
19 40 0      44 39 0      
18 40 0      43 39 0      
17 40 0      42 39 0      
16 40 0      41 39 0      
15 40 0      40 39 0      
14 40 0      39 39 0      
13 40 0      39 38 0      
12 40 0      39 37 0      
11 40 0      39 36 0      
10 40 0      39 35 0      
9 40 0      39 34 0      
8 40 0      39 33 0      
7 40 0      39 32 0      
6 40 0      39 31 0      
5 40 0      39 30 0      
4 40 0      39 29 0      
3 40 0      38 29 0      
2 40 0      37 29 0      
1 40 0      36 29 0      
50 40 0      35 29 0      
49 40 0       35 29 1      
49 40 0      34 29 0      
48 40 0      33 29 0      
47 40 0      32 29 0      
46 40 0      31 29 0      
45 40 0      30 29 0      
44 40 0      29 29 0      
43 40 0      28 29 0      
42 40 0      27 29 0      
41 40 0      26 29 0      
40 40 0      25 29 0      
39 40 0      24 29 0      
38 40 0      23 29 0      
37 40 0      22 29 0      
36 40 0      21 29 0      
35 40 0      20 29 0      
34 40 0      19 29 0      
33 40 0      18 29 0      
32 40 0      17 29 0      
31 40 0      16 29 0      
30 40 0      15 29 0      
29 40 0      15 28 0      
28 40 0      16 28 0      
27 40 0      17 28 0      
26 40 0      18 28 0      
25 40 0      19 28 0      
24 40 0      20 28 0      
23 40 0      21 28 0      
22 40 0      21 27 0      
21 40 0      21 26 0      
20 40 0      20 26 0      
19 40 0      19 26 0      
18 40 0      18 26 0      
17 40 0      17 26 0      
16 40 0      16 26 0      
15 40 0      15 26 0      
14 40 0      14 26 0      
13 40 0      13 26 0      
12 40 0      13 27 0      
11 40 0      13 28 0      
10 40 0      13 29 0      
9 40 0      12 29 0      
8 40 0      11 29 0      
7 40 0      10 29 0      
6 40 0      9 29 0      
5 40 0      8 29 0      
4 40 0      7 29 0      
3 40 0      6 29 0      
2 40 0      5 29 0      
1 40 0      5 30 0      
50 40 0      5 31 0      
49 40 0      5 32 0      
48 40 0      5 33 0      
47 40 0      5 34 0      
46 40 0      5 35 0      
45 40 0      5 36 0      
44 40 0      5 37 0      
43 40 0      5 38 0      
42 40 0      5 39 0      
41 40 0      5 40 0      
40 40 0      5 41 0      
39 40 0      5 42 0      
38 40 0      5 43 0      
37 40 0      5 44 0      
36 40 0      5 45 0      
35 40 0      5 46 0      
34 40 0      5 47 0      
33 40 0      5 48 0      
32 40 0      5 49 0      
31 40 0      5 50 0      
30 40 0      5 51 0      
29 40 0      5 52 0      
28 40 0      5 3 0      
27 40 0      5 4 0      
26 40 0      5 5 0      
25 40 0      5 6 0      
24 40 0      5 7 0      
23 40 0      6 7 0      
22 40 0      7 7 0      
21 40 0      8 7 0      
20 40 0      8 8 0      
19 40 0      8 9 0      
18 40 0      8 10 0      
17 40 0      8 11 0      
16 40 0      8 12 0      
15 40 0      8 13 0      
14 40 0      8 14 0      
13 40 0      8 15 0      
