10 40 0      40 20 0      
9 40 0      40 21 0      
8 40 1      40 22 0      
7 40 0      40 23 0      
6 40 0      40 24 0      
5 40 0      40 25 0      
4 40 0      40 26 0      
3 40 0      40 27 0      
2 40 0      40 28 0      
1 40 0      40 29 0      
50 40 0      40 30 0      
49 40 0      40 31 0      
48 40 0      40 32 0      
47 40 0      40 33 0      
46 40 0      40 34 0      
45 40 0      40 35 0      
44 40 0      40 36 0      
43 40 0      41 36 0      
42 40 0      42 36 0      
41 40 0      43 36 0      
40 40 0       43 36 1      
40 40 0      44 36 0      
39 40 0      45 36 0      
38 40 0      46 36 0      
37 40 0      47 36 0      
36 40 0      47 37 0      
35 40 0      46 37 0      
34 40 0      45 37 0      
33 40 0      45 38 0      
32 40 0      45 39 0      
31 40 0      45 40 0      
30 40 0      45 41 0      
29 40 0      45 42 0      
28 40 0      45 43 0      
27 40 0      45 44 0      
26 40 0      45 45 0      
25 40 0      45 46 0      
24 40 0      45 47 0      
23 40 0       45 47 1      
23 40 0      45 48 0      
22 40 0      45 49 0      
21 40 0      45 50 0      
20 40 0      45 51 0      
19 40 0      45 52 0      
18 40 0      45 3 0      
17 40 0      46 3 0      
16 40 1      47 3 0      
15 40 0      47 2 0      
14 40 0      47 52 0      
13 40 0      47 51 0      
12 40 0      47 50 0      
11 40 0      47 49 0      
10 40 0      47 48 0      
9 40 0      47 47 0      
8 40 0      47 46 0      
7 40 0      47 45 0      
6 40 0      47 44 0      
5 40 0      47 43 0      
4 40 0      47 42 0      
3 40 0      47 41 0      
2 40 0      47 40 0      
1 40 0      47 39 0      
50 40 0      47 38 0      
49 40 0      47 37 0      
48 40 0      46 37 0      
47 40 0      45 37 0      
46 40 0      44 37 0      
45 40 0      43 37 0      
44 40 0      42 37 0      
43 40 0      41 37 0      
42 40 0      40 37 0      
41 40 0      40 36 0      
40 40 0      40 35 0      
39 40 0      40 34 0      
38 40 0      40 33 0      
37 40 0      40 32 0      
36 40 0      40 31 0      
35 40 0      41 31 0      
34 40 0      42 31 0      
33 40 0      43 31 0      
32 40 0      44 31 0      
31 40 0      45 31 0      
30 40 0      46 31 0      
29 40 0      47 31 0      
28 40 0      48 31 0      
27 40 0      49 31 0      
26 40 0      -1 30 0      
25 40 0      -1 29 0      
24 40 0      -1 28 0      
23 40 0      -1 27 0      
22 40 0      -1 26 0      
21 40 0      -1 25 0      
20 40 0      -2 25 0      
19 40 0      49 25 0      
18 40 0      48 25 0      
17 40 0      48 24 0      
16 40 0      48 23 0      
15 40 0      48 22 0      
14 40 0      48 21 0      
13 40 0      48 20 0      
12 40 0      48 19 0      
11 40 0      48 18 0      
10 40 0      48 17 0      
9 40 0      48 16 0      
8 40 0      48 15 0      
7 40 0      48 14 0      
6 40 0      48 13 0      
5 40 0      48 12 0      
4 40 0      48 11 0      
3 40 0      48 10 0      
2 40 0       48 10 1      
2 40 0      48 9 0      
1 40 0      48 8 0      
50 40 0      48 7 0      
49 40 0      48 6 0      
48 40 0      48 5 0      
47 40 0      48 4 0      
46 40 0      48 3 0      
45 40 0      49 53 0      
44 40 0      0 53 0      
43 40 0      1 53 0      
42 40 0      1 54 0      
41 40 0      1 3 0      
40 40 0       1 3 1      
40 40 0      1 4 0      
39 40 0      1 5 0      
38 40 0      1 6 0      
37 40 0      1 7 0      
36 40 0      1 8 0      
35 40 0      1 9 0      
34 40 0      1 10 0      
33 40 0      1 11 0      
32 40 0      1 12 0      
31 40 0       1 12 1      
31 40 0      1 13 0      
30 40 0      1 14 0      
29 40 0      1 15 0      
28 40 0      1 16 0      
27 40 0      1 17 0      
26 40 0      1 18 0      
25 40 0      1 19 0      
24 40 0      1 20 0      
23 40 0      1 21 0      
22 40 0      1 22 0      
21 40 0      1 23 0      
20 40 0      0 23 0      
19 40 0      49 23 0      
18 40 0      48 23 0      
17 40 0      47 23 0      
16 40 0      46 23 0      
15 40 0      45 23 0      
14 40 0      44 23 0      
13 40 0      43 23 0      
12 40 0      42 23 0      
11 40 0       42 23 1      
11 40 0      41 23 0      
10 40 0      40 23 0      
9 40 0      39 23 0      
8 40 0      38 23 0      
7 40 0      37 23 0      
6 40 0      36 23 0      
5 40 0      35 23 0      
4 40 0      34 23 0      
3 40 0      33 23 0      
2 40 0      32 23 0      
1 40 0      31 23 0      
50 40 0      30 23 0      
49 40 0      29 23 0      
48 40 0      28 23 0      
47 40 0      27 23 0      
46 40 0      26 23 0      
45 40 0      25 23 0      
44 40 0      24 23 0      
43 40 0      23 23 0      
42 40 0      22 23 0      
41 40 0      21 23 0      
40 40 0      20 23 0      
39 40 0       20 23 1      
39 40 0      19 23 0      
38 40 0      18 23 0      
37 40 0      17 23 0      
36 40 0      16 23 0      
35 40 0      15 23 0      
34 40 0      14 23 0      
33 40 0      13 23 0      
32 40 0      12 23 0      
31 40 0       12 23 1      
31 40 0      12 22 0      
30 40 0      12 21 0      
29 40 0      12 20 0      
28 40 0      12 19 0      
27 40 0      12 18 0      
26 40 0      12 17 0      
25 40 0       12 17 1      
25 40 0      12 16 0      
24 40 0      12 15 0      
23 40 0      12 14 0      
22 40 0      12 13 0      
21 40 0      12 12 0      
20 40 0      12 11 0      
19 40 0      12 10 0      
18 40 0      12 9 0      
17 40 0       12 9 1      
17 40 0      12 8 0      
16 40 0      12 7 0      
15 40 0      12 6 0      
14 40 0      12 5 0      
13 40 0      12 4 0      
12 40 0      12 3 0      
11 40 0      12 52 0      
10 40 0      12 51 0      
9 40 0      12 50 0      
8 40 0      12 49 0      
7 40 0      12 48 0      
6 40 0      12 47 0      
5 40 0      12 46 0      
4 40 0      12 45 0      
3 40 0      12 44 0      
2 40 0      12 43 0      
1 40 0      12 42 0      
50 40 0      12 41 0      
49 40 0      12 40 0      
48 40 0      12 39 0      
47 40 0       12 39 1      
47 40 0      12 38 0      
46 40 0      12 37 0      
45 40 0      12 36 0      
44 40 0      12 35 0      
43 40 0      12 34 0      
42 40 0      12 33 0      
41 40 0      12 32 0      
40 40 0      12 31 0      
39 40 0      12 30 0      
38 40 0      12 29 0      
37 40 0      12 28 0      
36 40 0      12 27 0      
35 40 0      12 26 0      
34 40 0      12 25 0      
33 40 0      12 24 0      
32 40 0      12 23 0      
31 40 0      12 22 0      
30 40 0      12 21 0      
29 40 0      12 20 0      
28 40 0      12 19 0      
27 40 0      12 18 0      
26 40 0      11 18 0      
25 40 0      10 18 0      
24 40 0      9 18 0      
23 40 0      8 18 0      
22 40 0      7 18 0      
21 40 0      6 18 0      
20 40 0      5 18 0      
19 40 0      4 18 0      
18 40 0      4 19 0      
17 40 0      4 20 0      
16 40 0      4 21 0      
15 40 0      4 22 0      
14 40 0      4 23 0      
13 40 0      4 24 0      
12 40 0      4 25 0      
11 40 0      5 25 0      
10 40 0      5 26 0      
9 40 0      5 27 0      
8 40 0      5 28 0      
7 40 0      5 29 0      
6 40 0      5 30 0      
5 40 0      5 31 0      
4 40 0      5 32 0      
3 40 0      4 32 0      
2 40 0      3 32 0      
1 40 0      2 32 0      
50 40 0      1 32 0      
49 40 0      0 32 0      
48 40 0      49 32 0      
47 40 0      48 32 0      
46 40 0      47 32 0      
45 40 0      47 31 0      
44 40 0      47 30 0      
43 40 0      47 29 0      
42 40 0      48 29 0      
41 40 0      49 29 0      
40 40 0      0 29 0      
39 40 0      0 30 0      
38 40 0      0 31 0      
37 40 0      0 32 0      
36 40 0      0 33 0      
35 40 0      0 34 0      
34 40 0      0 35 0      
33 40 0      0 36 0      
32 40 0       0 36 1      
32 40 0      0 37 0      
31 40 0      0 38 0      
30 40 0      0 39 0      
29 40 0      0 40 0      
28 40 0      0 41 0      
27 40 0      0 42 0      
26 40 0      0 43 0      
25 40 0      0 44 0      
24 40 0      0 45 0      
23 40 0      0 46 0      
22 40 0      0 47 0      
21 40 0       0 47 1      
21 40 0       0 47 1      
21 40 0      0 48 0      
20 40 0      0 49 0      
19 40 0      0 50 0      
18 40 0      0 51 0      
17 40 0      0 52 0      
16 40 0      0 3 0      
15 40 0      0 4 0      
14 40 0      0 5 0      
13 40 0      0 6 0      
12 40 0      0 7 0      
11 40 0      0 8 0      
10 40 0      0 9 0      
9 40 0      0 10 0      
8 40 0      0 11 0      
7 40 0      0 12 0      
6 40 0      0 13 0      
5 40 0      0 14 0      
4 40 0      0 15 0      
3 40 0      0 16 0      
2 40 0      1 16 0      
1 40 0      2 16 0      
50 40 0      3 16 0      
49 40 0      4 16 0      
48 40 0      5 16 0      
47 40 0      6 16 0      
46 40 0      7 16 0      
45 40 0      7 17 0      
44 40 0      7 18 0      
43 40 0      7 19 0      
42 40 0      6 19 0      
41 40 0      5 19 0      
40 40 0      4 19 0      
39 40 0      3 19 0      
38 40 0      2 19 0      
37 40 0      1 19 0      
36 40 0      1 20 0      
35 40 0      1 21 0      
34 40 0      1 22 0      
33 40 0      1 23 0      
32 40 0      1 24 0      
31 40 0      1 25 0      
30 40 0      1 26 0      
29 40 0      1 27 0      
28 40 0      1 28 0      
27 40 0      1 29 0      
26 40 0      1 30 0      
25 40 0      1 31 0      
24 40 0      1 32 0      
23 40 0      1 33 0      
22 40 0      2 33 0      
21 40 0      3 33 0      
20 40 0      4 33 0      
19 40 0      5 33 0      
18 40 0      6 33 0      
17 40 0      7 33 0      
16 40 0      7 34 0      
15 40 0      7 35 0      
14 40 0      7 36 0      
13 40 0      7 37 0      
12 40 0      7 38 0      
11 40 0      7 39 0      
10 40 0      7 40 0      
9 40 0      7 41 0      
8 40 0      7 42 0      
7 40 0      7 43 0      
6 40 0      7 44 0      
5 40 0      7 45 0      
4 40 0      7 46 0      
3 40 0      7 47 0      
2 40 0      7 48 0      
1 40 0      7 49 0      
50 40 0      7 50 0      
49 40 0      7 51 0      
48 40 0      6 51 0      
47 40 0      5 51 0      
46 40 0      4 51 0      
45 40 0      3 51 0      
44 40 0      2 51 0      
43 40 0      1 51 0      
42 40 0      0 51 0      
41 40 0      49 51 0      
40 40 0      48 51 0      
39 40 0      47 51 0      
38 40 0      46 51 0      
37 40 0      46 52 0      
36 40 0       46 52 1      
36 40 0      46 3 0      
35 40 0      46 4 0      
34 40 0      46 5 0      
33 40 0      46 6 0      
32 40 0      46 7 0      
31 40 0      46 8 0      
30 40 0      46 9 0      
29 40 0      46 10 0      
28 40 0      47 10 0      
27 40 0      48 10 0      
26 40 0      49 10 0      
25 40 0      0 10 0      
24 40 0      1 10 0      
23 40 0      2 10 0      
22 40 0      2 11 0      
21 40 0      2 12 0      
20 40 0      2 13 0      
19 40 0      2 14 0      
18 40 0      2 15 0      
17 40 0      2 16 0      
16 40 0      2 17 0      
15 40 0       2 17 1      
15 40 0      2 18 0      
14 40 0      2 19 0      
13 40 0      3 19 0      
12 40 0      4 19 0      
11 40 0      5 19 0      
10 40 0      6 19 0      
9 40 0      7 19 0      
8 40 0      8 19 0      
7 40 0      9 19 0      
6 40 0      10 19 0      
5 40 0      10 20 0      
4 40 0      10 21 0      
3 40 0      10 22 0      
2 40 0      10 23 0      
1 40 0      10 24 0      
50 40 0      11 24 0      
49 40 0      12 24 0      
48 40 0      13 24 0      
47 40 0      14 24 0      
46 40 0      15 24 0      
45 40 0      16 24 0      
44 40 0      17 24 0      
43 40 0      18 24 0      
42 40 0      19 24 0      
41 40 0      20 24 0      
40 40 0      21 24 0      
39 40 0      22 24 0      
38 40 0      23 24 0      
37 40 0      24 24 0      
36 40 0       24 24 1      
36 40 0      25 24 0      
35 40 0      26 24 0      
34 40 0      27 24 0      
33 40 0      28 24 0      
32 40 0      29 24 0      
31 40 0      30 24 0      
30 40 0      31 24 0      
29 40 0      32 24 0      
28 40 0      33 24 0      
27 40 0       33 24 1      
27 40 0      34 24 0      
26 40 0      35 24 0      
25 40 0      36 24 0      
24 40 0      37 24 0      
23 40 0      38 24 0      
22 40 0      39 24 0      
21 40 0      40 24 0      
20 40 0      41 24 0      
19 40 0      42 24 0      
18 40 0      43 24 0      
17 40 0      44 24 0      
16 40 0      45 24 0      
15 40 0      46 24 0      
14 40 0      47 24 0      
13 40 0      48 24 0      
12 40 0      49 24 0      
11 40 0      0 24 0      
10 40 0      1 24 0      
9 40 0      1 25 0      
8 40 0      1 26 0      
7 40 0      1 27 0      
6 40 0      2 27 0      
5 40 0       2 27 1      
5 40 0      3 27 0      
4 40 0      4 27 0      
3 40 0      4 26 0      
2 40 0      4 25 0      
1 40 0      4 24 0      
50 40 0      4 23 0      
49 40 0      4 22 0      
48 40 0      4 21 0      
47 40 0      4 20 0      
46 40 0      4 19 0      
45 40 0      4 18 0      
44 40 0      4 17 0      
43 40 0      4 16 0      
42 40 0      4 15 0      
41 40 0      4 14 0      
40 40 0      4 13 0      
39 40 0      4 12 0      
38 40 0      4 11 0      
37 40 0      4 10 0      
36 40 0      4 9 0      
35 40 0      4 8 0      
34 40 0      4 7 0      
33 40 0      4 6 0      
32 40 0      4 5 0      
31 40 0      4 4 0      
30 40 0      4 3 0      
29 40 0      4 52 0      
28 40 0      4 51 0      
27 40 0      4 50 0      
26 40 0      4 49 0      
25 40 0      4 48 0      
24 40 0      4 47 0      
23 40 0      4 46 0      
22 40 0      4 45 0      
21 40 0      4 44 0      
20 40 0      4 43 0      
19 40 0      5 43 0      
18 40 0      6 43 0      
17 40 0      7 43 0      
16 40 0      8 43 0      
15 40 0      9 43 0      
14 40 0      9 44 0      
13 40 0      9 45 0      
12 40 0      8 45 0      
11 40 0      7 45 0      
10 40 0      6 45 0      
9 40 0      5 45 0      
8 40 0      4 45 0      
7 40 0      3 45 0      
6 40 0      2 45 0      
5 40 0       2 45 1      
5 40 0      1 45 0      
4 40 0      0 45 0      
3 40 0      49 45 0      
2 40 0      48 45 0      
1 40 0      47 45 0      
50 40 0      46 45 0      
49 40 0      45 45 0      
48 40 0      44 45 0      
47 40 0      43 45 0      
46 40 0      43 46 0      
45 40 0      43 47 0      
44 40 0      43 48 0      
43 40 0      43 49 0      
42 40 0      43 50 0      
41 40 0      43 51 0      
40 40 0      43 52 0      
39 40 0      43 3 0      
38 40 0      42 3 0      
37 40 0       42 3 1      
37 40 0      41 3 0      
36 40 0      41 2 0      
35 40 0      41 52 0      
34 40 0      41 51 0      
33 40 0      41 50 0      
32 40 0      41 49 0      
31 40 0      41 48 0      
30 40 0      41 47 0      
29 40 0      41 46 0      
28 40 0      41 45 0      
27 40 0      41 44 0      
26 40 0      41 43 0      
25 40 0      41 42 0      
24 40 0      41 41 0      
23 40 0      41 40 0      
22 40 0      41 39 0      
21 40 0       41 39 1      
21 40 0      40 39 0      
20 40 0      39 39 0      
19 40 0      38 39 0      
18 40 0      37 39 0      
17 40 0      36 39 0      
16 40 0       36 39 1      
16 40 0      35 39 0      
15 40 0      34 39 0      
14 40 0      33 39 0      
13 40 0      32 39 0      
12 40 0      31 39 0      
11 40 0       31 39 1      
11 40 0      30 39 0      
10 40 0      29 39 0      
9 40 0      28 39 0      
8 40 0      27 39 0      
7 40 0      26 39 0      
6 40 0      25 39 0      
5 40 0      24 39 0      
4 40 0      23 39 0      
3 40 0      22 39 0      
2 40 0      21 39 0      
1 40 0      20 39 0      
50 40 0      19 39 0      
49 40 0      18 39 0      
48 40 0      17 39 0      
47 40 0      16 39 0      
46 40 0      15 39 0      
45 40 0      15 38 0      
44 40 0      15 37 0      
43 40 0      15 36 0      
42 40 0      15 35 0      
41 40 0      15 34 0      
40 40 0      15 33 0      
39 40 0      15 32 0      
38 40 0      15 31 0      
37 40 0      15 30 0      
36 40 0      15 29 0      
35 40 0       15 29 1      
35 40 0      15 28 0      
34 40 0      15 27 0      
33 40 0      16 27 0      
32 40 0      17 27 0      
31 40 0      18 27 0      
30 40 0      19 27 0      
29 40 0      20 27 0      
28 40 0      21 27 0      
27 40 0      22 27 0      
26 40 0      23 27 0      
25 40 0      24 27 0      
24 40 0      25 27 0      
23 40 0      26 27 0      
22 40 0      27 27 0      
21 40 0      28 27 0      
20 40 0      28 28 0      
19 40 0      28 29 0      
18 40 0      29 29 0      
17 40 0      30 29 0      
16 40 0      31 29 0      
15 40 0      32 29 0      
14 40 0      33 29 0      
13 40 0      34 29 0      
12 40 0      34 30 0      
11 40 0      34 31 0      
10 40 0      34 32 0      
9 40 0      34 33 0      
8 40 0      34 34 0      
7 40 0      34 35 0      
6 40 0      33 35 0      
5 40 0      32 35 0      
4 40 0      31 35 0      
3 40 0      31 34 0      
2 40 0      31 33 0      
1 40 0      30 33 0      
50 40 0      29 33 0      
49 40 0      28 33 0      
48 40 0      27 33 0      
47 40 0      27 34 0      
46 40 0      27 35 0      
45 40 0      27 36 0      
44 40 0      27 37 0      
43 40 0      27 38 0      
42 40 0      27 39 0      
41 40 0      27 40 0      
40 40 0      27 41 0      
39 40 0      27 42 0      
38 40 0      27 43 0      
37 40 0      27 44 0      
36 40 0      26 44 0      
35 40 0      25 44 0      
34 40 0      24 44 0      
33 40 0      23 44 0      
32 40 0      22 44 0      
31 40 0      21 44 0      
