10 40 0      40 20 0      
9 40 0      41 20 0      
8 40 0      42 20 0      
7 40 0       42 20 1      
7 40 0      43 20 0      
6 40 0      44 20 0      
5 40 0      45 20 0      
4 40 0      46 20 0      
3 40 0      46 21 0      
2 40 0      46 22 0      
1 40 0      46 23 0      
0 40 0       46 23 1      
50 40 0      46 24 0      
49 40 0      46 25 0      
48 40 0      46 26 0      
47 40 0      46 27 0      
46 40 0      46 28 0      
45 40 0      46 29 0      
44 40 0      46 30 0      
43 40 0      46 31 0      
42 40 0      46 32 0      
41 40 0      46 33 0      
40 40 0      46 34 0      
39 40 0      46 35 0      
38 40 0      46 36 0      
37 40 0      46 37 0      
36 40 0      46 38 0      
35 40 0      45 38 0      
34 40 0      44 38 0      
33 40 0      44 39 0      
32 40 0      44 40 0      
31 40 0      44 41 0      
30 40 0      44 42 0      
29 40 0      44 43 0      
28 40 0      44 44 0      
27 40 0      44 45 0      
26 40 0      44 46 0      
25 40 0      44 47 0      
24 40 0      44 48 0      
23 40 0      44 49 0      
22 40 0      45 49 0      
21 40 0      46 49 0      
20 40 0      47 49 0      
19 40 0      48 49 0      
18 40 0      49 49 0      
17 40 0      0 49 0      
16 40 0      1 49 0      
15 40 0       1 49 1      
15 40 0      2 49 0      
14 40 0      3 49 0      
13 40 0      4 49 0      
12 40 0      5 49 0      
11 40 0      6 49 0      
10 40 0      7 49 0      
9 40 0      8 49 0      
8 40 0       8 49 1      
8 40 0      9 49 0      
7 40 0      10 49 0      
6 40 0      11 49 0      
5 40 0      12 49 0      
4 40 0      13 49 0      
3 40 0      14 49 0      
2 40 0      15 49 0      
1 40 0      16 49 0      
50 40 0      17 49 0      
49 40 0      18 49 0      
48 40 0      19 49 0      
47 40 0      20 49 0      
46 40 0      21 49 0      
45 40 0      21 50 0      
44 40 0      22 50 0      
43 40 0      23 50 0      
42 40 0      24 50 0      
41 40 0      25 50 0      
40 40 0      26 50 0      
39 40 0      27 50 0      
38 40 0      28 50 0      
37 40 0      28 51 0      
36 40 0      28 52 0      
35 40 0      28 3 0      
34 40 0      27 3 0      
33 40 0      26 3 0      
32 40 0      25 3 0      
31 40 0      24 3 0      
30 40 0      23 3 0      
29 40 0      22 3 0      
28 40 0      21 3 0      
27 40 0      20 3 0      
26 40 0      19 3 0      
25 40 0      18 3 0      
24 40 0      17 3 0      
23 40 0      16 3 0      
22 40 0      15 3 0      
21 40 0      14 3 0      
20 40 0      13 3 0      
19 40 0      12 3 0      
18 40 0      11 3 0      
17 40 0      10 3 0      
16 40 0      9 3 0      
15 40 0      8 3 0      
14 40 0      7 3 0      
13 40 0      7 2 0      
12 40 0      7 52 0      
11 40 0      7 51 0      
10 40 0      7 50 0      
9 40 0      7 49 0      
8 40 0      7 48 0      
7 40 0      7 47 0      
6 40 0      7 46 0      
5 40 0      6 46 0      
4 40 0      5 46 0      
3 40 0      4 46 0      
2 40 0      3 46 0      
1 40 0      2 46 0      
50 40 0      1 46 0      
49 40 0      0 46 0      
48 40 0      49 46 0      
47 40 0      48 46 0      
46 40 0       48 46 1      
46 40 0      47 46 0      
45 40 0      47 45 0      
44 40 0      47 44 0      
43 40 0      47 43 0      
42 40 0      47 42 0      
41 40 0      47 41 0      
40 40 0       47 41 1      
40 40 0      48 41 0      
39 40 0      49 41 0      
38 40 0      0 41 0      
37 40 0      1 41 0      
36 40 0      2 41 0      
35 40 0      3 41 0      
34 40 0      4 41 0      
33 40 0      5 41 0      
32 40 0      6 41 0      
31 40 0      7 41 0      
30 40 0      8 41 0      
29 40 0      9 41 0      
28 40 0      10 41 0      
27 40 0      11 41 0      
26 40 0      12 41 0      
25 40 0      13 41 0      
24 40 0      14 41 0      
23 40 0      15 41 0      
22 40 0      16 41 0      
21 40 0      17 41 0      
20 40 0      18 41 0      
19 40 0      19 41 0      
18 40 0      20 41 0      
17 40 0      21 41 0      
16 40 0      22 41 0      
15 40 0      23 41 0      
14 40 0      24 41 0      
13 40 0      25 41 0      
12 40 0      26 41 0      
11 40 0      27 41 0      
10 40 0      28 41 0      
9 40 0      29 41 0      
8 40 0      30 41 0      
7 40 0      31 41 0      
6 40 0      32 41 0      
5 40 0      32 40 0      
4 40 0      32 39 0      
3 40 0      32 38 0      
2 40 0      32 37 0      
1 40 0      32 36 0      
50 40 0      32 35 0      
49 40 0      32 34 0      
48 40 0      32 33 0      
47 40 0      32 32 0      
46 40 0      32 31 0      
45 40 0      32 30 0      
44 40 0      32 29 0      
43 40 0       32 29 1      
43 40 0      32 28 0      
42 40 0      32 27 0      
41 40 0      33 27 0      
40 40 0      34 27 0      
39 40 0      35 27 0      
38 40 0      36 27 0      
37 40 0      36 26 0      
36 40 0      36 25 0      
35 40 0      36 24 0      
34 40 0      36 23 0      
33 40 0      36 22 0      
32 40 0      36 21 0      
31 40 0      36 20 0      
30 40 0      36 19 0      
29 40 0      36 18 0      
28 40 0      36 17 0      
27 40 0      36 16 0      
26 40 0      36 15 0      
25 40 0      36 14 0      
24 40 0      36 13 0      
23 40 0       36 13 1      
23 40 0      36 12 0      
22 40 0      36 11 0      
21 40 0      36 10 0      
20 40 0      35 10 0      
19 40 0      34 10 0      
18 40 0      33 10 0      
17 40 0      33 11 0      
16 40 0      33 12 0      
15 40 0      33 13 0      
14 40 0      33 14 0      
13 40 0      33 15 0      
12 40 0      33 16 0      
11 40 0      33 17 0      
10 40 0      34 17 0      
9 40 0      35 17 0      
8 40 0      36 17 0      
7 40 0      37 17 0      
6 40 0      38 17 0      
5 40 0      39 17 0      
4 40 0      40 17 0      
3 40 0      40 16 0      
2 40 0      40 15 0      
1 40 0      40 14 0      
50 40 0      40 13 0      
49 40 0      40 12 0      
48 40 0      41 12 0      
47 40 0      42 12 0      
46 40 0      43 12 0      
45 40 0      44 12 0      
44 40 0      44 13 0      
43 40 0      44 14 0      
42 40 0      44 15 0      
41 40 0      44 16 0      
40 40 0       44 16 1      
40 40 0      44 17 0      
39 40 0      45 17 0      
38 40 0      46 17 0      
37 40 0      47 17 0      
36 40 0      48 17 0      
35 40 0      49 17 0      
34 40 0      0 17 0      
33 40 0      1 17 0      
32 40 0      2 17 0      
31 40 0      2 16 0      
30 40 0      2 15 0      
29 40 0       2 15 1      
29 40 0      2 14 0      
28 40 0      2 13 0      
27 40 0       2 13 1      
27 40 0      2 12 0      
26 40 0      2 11 0      
25 40 0      2 10 0      
24 40 0      2 9 0      
23 40 0      2 8 0      
22 40 0      2 7 0      
21 40 0      2 6 0      
20 40 0      2 5 0      
19 40 0      2 4 0      
18 40 0      2 3 0      
17 40 0      2 52 0      
16 40 0      2 51 0      
15 40 0      2 50 0      
14 40 0      2 49 0      
13 40 0      2 48 0      
12 40 0      3 48 0      
11 40 0      4 48 0      
10 40 0      5 48 0      
9 40 0      6 48 0      
8 40 0      7 48 0      
7 40 0      8 48 0      
6 40 0      9 48 0      
5 40 0      10 48 0      
4 40 0      10 49 0      
3 40 0      10 50 0      
2 40 0      10 51 0      
1 40 0      10 52 0      
50 40 0      10 3 0      
49 40 0      10 4 0      
48 40 0      10 5 0      
47 40 0      10 6 0      
46 40 0      10 7 0      
45 40 0      10 8 0      
44 40 0      10 9 0      
43 40 0      10 10 0      
42 40 0      10 11 0      
41 40 0      10 12 0      
40 40 0      11 12 0      
39 40 0      12 12 0      
38 40 0      13 12 0      
37 40 0      14 12 0      
36 40 0      15 12 0      
35 40 0      16 12 0      
34 40 0      17 12 0      
33 40 0      18 12 0      
32 40 0      19 12 0      
31 40 0      20 12 0      
30 40 0      21 12 0      
29 40 0      22 12 0      
28 40 0      23 12 0      
27 40 0      24 12 0      
26 40 0      25 12 0      
25 40 0      26 12 0      
24 40 0      27 12 0      
23 40 0      28 12 0      
22 40 0      29 12 0      
21 40 0      30 12 0      
20 40 0      31 12 0      
19 40 0      32 12 0      
18 40 0      33 12 0      
17 40 0      34 12 0      
16 40 0      35 12 0      
15 40 0      36 12 0      
14 40 0      37 12 0      
13 40 0      38 12 0      
12 40 0      38 13 0      
11 40 0      38 14 0      
10 40 0      37 14 0      
9 40 0      36 14 0      
8 40 0      35 14 0      
7 40 0      34 14 0      
6 40 0      33 14 0      
5 40 0      32 14 0      
4 40 0      32 13 0      
3 40 0       32 13 1      
3 40 0      32 12 0      
2 40 0      32 11 0      
1 40 0       32 11 1      
1 40 0      32 10 0      
50 40 0      32 9 0      
49 40 0      32 8 0      
48 40 0      31 8 0      
47 40 0      30 8 0      
46 40 0      29 8 0      
45 40 0      28 8 0      
44 40 0      27 8 0      
43 40 0      26 8 0      
42 40 0      25 8 0      
41 40 0      24 8 0      
40 40 0      23 8 0      
39 40 0      23 7 0      
38 40 0       23 7 1      
38 40 0      23 6 0      
37 40 0      23 5 0      
36 40 0      23 4 0      
35 40 0      23 3 0      
34 40 0      22 53 0      
33 40 0      21 53 0      
32 40 0      20 53 0      
31 40 0      19 53 0      
30 40 0      18 53 0      
29 40 0      18 52 0      
28 40 0      18 51 0      
27 40 0      18 50 0      
26 40 0      17 50 0      
25 40 0       17 50 1      
25 40 0      16 50 0      
24 40 0      15 50 0      
23 40 0      15 51 0      
22 40 0      15 52 0      
21 40 0      15 3 0      
20 40 0      15 4 0      
19 40 0      15 5 0      
18 40 0      15 6 0      
17 40 0      15 7 0      
16 40 0      15 8 0      
15 40 0      15 9 0      
14 40 0      16 9 0      
13 40 0      17 9 0      
12 40 0      18 9 0      
11 40 0      19 9 0      
10 40 0      20 9 0      
9 40 0      21 9 0      
8 40 0      22 9 0      
7 40 0      23 9 0      
6 40 0       23 9 1      
6 40 0      23 10 0      
5 40 0      23 11 0      
4 40 0      23 12 0      
3 40 0      23 13 0      
2 40 0      23 14 0      
1 40 0      24 14 0      
50 40 0      25 14 0      
49 40 0      26 14 0      
48 40 0      27 14 0      
47 40 0      28 14 0      
46 40 0      29 14 0      
45 40 0      30 14 0      
44 40 0      31 14 0      
43 40 0      32 14 0      
42 40 0      33 14 0      
41 40 0      34 14 0      
40 40 0      35 14 0      
39 40 0      36 14 0      
38 40 0      37 14 0      
37 40 0      38 14 0      
36 40 0      39 14 0      
35 40 0      40 14 0      
34 40 0      41 14 0      
33 40 0      41 13 0      
32 40 0      41 12 0      
31 40 0      41 11 0      
30 40 0      41 10 0      
29 40 0      41 9 0      
28 40 0      41 8 0      
27 40 0      41 7 0      
26 40 0      41 6 0      
25 40 0      41 5 0      
24 40 0      41 4 0      
23 40 0      41 3 0      
22 40 0      41 52 0      
21 40 0      41 51 0      
20 40 0      41 50 0      
19 40 0      41 49 0      
18 40 0      41 48 0      
17 40 0      41 47 0      
16 40 0      41 46 0      
15 40 0       41 46 1      
15 40 0      41 45 0      
14 40 0      41 44 0      
13 40 0      41 43 0      
12 40 0      41 42 0      
11 40 0      40 42 0      
10 40 0      39 42 0      
9 40 0      38 42 0      
8 40 0      37 42 0      
7 40 0      36 42 0      
6 40 0      35 42 0      
5 40 0      35 41 0      
4 40 0      35 40 0      
3 40 0      35 39 0      
2 40 0      35 38 0      
1 40 0      35 37 0      
50 40 0      35 36 0      
49 40 0      35 35 0      
48 40 0      35 34 0      
47 40 0       35 34 1      
47 40 0      35 33 0      
46 40 0      35 32 0      
45 40 0      35 31 0      
44 40 0      35 30 0      
43 40 0      35 29 0      
42 40 0      35 28 0      
41 40 0      34 28 0      
40 40 0      33 28 0      
39 40 0      32 28 0      
38 40 0      31 28 0      
37 40 0      30 28 0      
36 40 0      29 28 0      
35 40 0      28 28 0      
34 40 0      27 28 0      
33 40 0      26 28 0      
32 40 0      25 28 0      
31 40 0      24 28 0      
30 40 0       24 28 1      
30 40 0      23 28 0      
29 40 0      22 28 0      
28 40 0      21 28 0      
27 40 0      20 28 0      
26 40 0       20 28 1      
26 40 0      19 28 0      
25 40 0      18 28 0      
24 40 0      17 28 0      
23 40 0      16 28 0      
22 40 0      15 28 0      
21 40 0      14 28 0      
20 40 0      14 29 0      
19 40 0      14 30 0      
18 40 0      14 31 0      
17 40 0      14 32 0      
16 40 0      14 33 0      
15 40 0      14 34 0      
14 40 0      15 34 0      
13 40 0      16 34 0      
12 40 0      17 34 0      
11 40 0      18 34 0      
10 40 0      19 34 0      
9 40 0      20 34 0      
8 40 0      21 34 0      
7 40 0      21 35 0      
6 40 0      21 36 0      
5 40 0      21 37 0      
4 40 0      21 38 0      
3 40 0      21 39 0      
2 40 0      21 40 0      
1 40 0      21 41 0      
50 40 0      20 41 0      
49 40 0      19 41 0      
48 40 0      18 41 0      
47 40 0      17 41 0      
46 40 0      16 41 0      
45 40 0      15 41 0      
44 40 0      14 41 0      
43 40 0      14 40 0      
42 40 0      14 39 0      
41 40 0      14 38 0      
40 40 0      14 37 0      
39 40 0      14 36 0      
38 40 0      14 35 0      
37 40 0      14 34 0      
36 40 0      14 33 0      
35 40 0      15 33 0      
34 40 0      16 33 0      
33 40 0      17 33 0      
32 40 0      18 33 0      
31 40 0      19 33 0      
30 40 0      20 33 0      
29 40 0      21 33 0      
28 40 0      22 33 0      
27 40 0      23 33 0      
26 40 0      24 33 0      
25 40 0      25 33 0      
24 40 0      26 33 0      
23 40 0      27 33 0      
22 40 0      27 34 0      
21 40 0      26 34 0      
20 40 0      25 34 0      
19 40 0      24 34 0      
18 40 0      23 34 0      
17 40 0      22 34 0      
16 40 0      21 34 0      
15 40 0      21 35 0      
14 40 0      21 36 0      
13 40 0      21 37 0      
12 40 0      21 38 0      
11 40 0      21 39 0      
10 40 0      21 40 0      
9 40 0      21 41 0      
8 40 0      21 42 0      
7 40 0      21 43 0      
6 40 0      20 43 0      
5 40 0      19 43 0      
4 40 0      18 43 0      
3 40 0      17 43 0      
2 40 0      16 43 0      
1 40 0      15 43 0      
50 40 0      14 43 0      
49 40 0      13 43 0      
48 40 0      12 43 0      
47 40 0      11 43 0      
46 40 0      10 43 0      
45 40 0      9 43 0      
44 40 0      8 43 0      
43 40 0      7 43 0      
42 40 0      6 43 0      
41 40 0      5 43 0      
40 40 0      4 43 0      
39 40 0      4 42 0      
38 40 0      4 41 0      
37 40 0      3 41 0      
36 40 0      2 41 0      
35 40 0      2 42 0      
34 40 0      2 43 0      
33 40 0      2 44 0      
32 40 0      2 45 0      
31 40 0      2 46 0      
30 40 0      2 47 0      
29 40 0      2 48 0      
28 40 0      2 49 0      
27 40 0      2 50 0      
26 40 0      2 51 0      
25 40 0      2 52 0      
24 40 0      2 3 0      
23 40 0      2 4 0      
22 40 0      2 5 0      
21 40 0      2 6 0      
20 40 0      2 7 0      
19 40 0      2 8 0      
18 40 0      2 9 0      
17 40 0      2 10 0      
16 40 0      2 11 0      
15 40 0      2 12 0      
14 40 0      2 13 0      
13 40 0      2 14 0      
12 40 0      2 15 0      
11 40 0      2 16 0      
10 40 0      2 17 0      
9 40 0      2 18 0      
8 40 0      3 18 0      
7 40 0       3 18 1      
7 40 0      4 18 0      
6 40 0      5 18 0      
5 40 0      6 18 0      
4 40 0      7 18 0      
3 40 0      8 18 0      
2 40 0      9 18 0      
1 40 0      10 18 0      
50 40 0      11 18 0      
49 40 0      12 18 0      
48 40 0      13 18 0      
47 40 0      14 18 0      
46 40 0      15 18 0      
45 40 0      16 18 0      
44 40 0      17 18 0      
43 40 0      18 18 0      
42 40 0      19 18 0      
41 40 0      20 18 0      
40 40 0      20 19 0      
39 40 0      20 20 0      
38 40 0      21 20 0      
37 40 0      22 20 0      
36 40 0      23 20 0      
35 40 0       23 20 1      
35 40 0      24 20 0      
34 40 0      25 20 0      
33 40 0      26 20 0      
32 40 0      27 20 0      
31 40 0      27 21 0      
30 40 0      27 22 0      
29 40 0      27 23 0      
28 40 0      27 24 0      
27 40 0      27 25 0      
26 40 0      27 26 0      
25 40 0      27 27 0      
24 40 0      27 28 0      
23 40 0      27 29 0      
22 40 0      27 30 0      
21 40 0      27 31 0      
20 40 0      27 32 0      
19 40 0      27 33 0      
18 40 0      27 34 0      
17 40 0      27 35 0      
16 40 0      27 36 0      
15 40 0      27 37 0      
14 40 0      27 38 0      
13 40 0      27 39 0      
12 40 0      27 40 0      
11 40 0      27 41 0      
10 40 0      27 42 0      
9 40 0      27 43 0      
8 40 0      27 44 0      
7 40 0      27 45 0      
6 40 0      27 46 0      
5 40 0      27 47 0      
4 40 0      27 48 0      
3 40 0      27 49 0      
2 40 0      27 50 0      
1 40 0      27 51 0      
50 40 0      27 52 0      
49 40 0      27 3 0      
48 40 0      27 4 0      
47 40 0      27 5 0      
46 40 0      28 5 0      
45 40 0      28 6 0      
44 40 0      28 7 0      
43 40 0      27 7 0      
42 40 0      26 7 0      
41 40 0      25 7 0      
40 40 0      24 7 0      
39 40 0      23 7 0      
38 40 0      22 7 0      
37 40 0      21 7 0      
36 40 0       21 7 1      
36 40 0      20 7 0      
35 40 0      19 7 0      
34 40 0      18 7 0      
33 40 0      18 6 0      
32 40 0      17 6 0      
31 40 0      16 6 0      
30 40 0      15 6 0      
29 40 0      14 6 0      
28 40 0      13 6 0      
27 40 0      12 6 0      
26 40 0      11 6 0      
25 40 0      10 6 0      
24 40 0      9 6 0      
23 40 0      8 6 0      
22 40 0      8 5 0      
21 40 0      8 4 0      
20 40 0      8 3 0      
19 40 0      8 52 0      
18 40 0      9 52 0      
17 40 0      10 52 0      
16 40 0      11 52 0      
15 40 0      12 52 0      
14 40 0      13 52 0      
13 40 0      14 52 0      
12 40 0      15 52 0      
11 40 0      16 52 0      
10 40 0      17 52 0      
9 40 0      18 52 0      
8 40 0      19 52 0      
7 40 0      20 52 0      
6 40 0      21 52 0      
5 40 0      21 53 0      
4 40 0      21 3 0      
3 40 0      20 3 0      
2 40 0      19 3 0      
1 40 0      18 3 0      
50 40 0      17 3 0      
49 40 0      16 3 0      
48 40 0      15 3 0      
47 40 0      14 3 0      
46 40 0      14 2 0      
45 40 0      14 52 0      
44 40 0      14 51 0      
43 40 0      14 50 0      
42 40 0      14 49 0      
41 40 0      14 48 0      
40 40 0      15 48 0      
39 40 0      16 48 0      
38 40 0      17 48 0      
37 40 0      17 49 0      
36 40 0      17 50 0      
35 40 0      17 51 0      
34 40 0      17 52 0      
33 40 0      17 3 0      
32 40 0      17 4 0      
31 40 0      17 5 0      
30 40 0      17 6 0      
29 40 0      17 7 0      
28 40 0       17 7 1      
28 40 0      17 8 0      
27 40 0      17 9 0      
26 40 0      17 10 0      
25 40 0      17 11 0      
24 40 0      17 12 0      
23 40 0      17 13 0      
22 40 0      17 14 0      
21 40 0      17 15 0      
20 40 0      16 15 0      
19 40 0      15 15 0      
18 40 0      14 15 0      
17 40 0      13 15 0      
16 40 0      12 15 0      
15 40 0      11 15 0      
14 40 0      10 15 0      
13 40 0      9 15 0      
12 40 0      9 16 0      
11 40 0      9 17 0      
10 40 0      9 18 0      
9 40 0      9 19 0      
8 40 0      9 20 0      
7 40 0      8 20 0      
6 40 0      7 20 0      
5 40 0      6 20 0      
4 40 0      5 20 0      
3 40 0      4 20 0      
2 40 0      4 21 0      
1 40 0      4 22 0      
50 40 0      4 23 0      
49 40 0      4 24 0      
48 40 0      4 25 0      
47 40 0      4 26 0      
46 40 0      3 26 0      
45 40 0      2 26 0      
44 40 0      1 26 0      
43 40 0      0 26 0      
42 40 0      49 26 0      
41 40 0      48 26 0      
40 40 0      47 26 0      
39 40 0      46 26 0      
38 40 0      45 26 0      
37 40 0      44 26 0      
36 40 0      43 26 0      
35 40 0      42 26 0      
34 40 0      41 26 0      
33 40 0      41 27 0      
32 40 0      41 28 0      
31 40 0      41 29 0      
30 40 0      41 30 0      
29 40 0      41 31 0      
28 40 0       41 31 1      
28 40 0      41 32 0      
27 40 0      41 33 0      
26 40 0      41 34 0      
25 40 0      41 35 0      
24 40 0      41 36 0      
23 40 0      42 36 0      
22 40 0      43 36 0      
21 40 0      44 36 0      
20 40 0      45 36 0      
19 40 0      46 36 0      
18 40 0      47 36 0      
17 40 0      47 37 0      
16 40 0      47 38 0      
15 40 0      47 39 0      
14 40 0      48 39 0      
13 40 0      49 39 0      
12 40 0      0 39 0      
11 40 0      1 39 0      
10 40 0      2 39 0      
9 40 0      3 39 0      
8 40 0      4 39 0      
7 40 0      5 39 0      
6 40 0      6 39 0      
5 40 0      7 39 0      
4 40 0      8 39 0      
3 40 0      8 38 0      
2 40 0      8 37 0      
1 40 0      8 36 0      
50 40 0      8 35 0      
49 40 0      8 34 0      
48 40 0      8 33 0      
47 40 0      8 32 0      
46 40 0       8 32 1      
46 40 0      8 31 0      
45 40 0      8 30 0      
44 40 0      8 29 0      
43 40 0      8 28 0      
42 40 0      9 28 0      
41 40 0      10 28 0      
40 40 0      11 28 0      
39 40 0      12 28 0      
38 40 0      13 28 0      
37 40 0      14 28 0      
36 40 0      15 28 0      
35 40 0      16 28 0      
34 40 0      17 28 0      
33 40 0      18 28 0      
32 40 0      19 28 0      
31 40 0      19 29 0      
30 40 0      19 30 0      
29 40 0       19 30 1      
29 40 0      19 31 0      
28 40 0      19 32 0      
27 40 0      19 33 0      
26 40 0      19 34 0      
25 40 0      19 35 0      
24 40 0      19 36 0      
23 40 0      19 37 0      
22 40 0      19 38 0      
21 40 0      19 39 0      
20 40 0      19 40 0      
19 40 0      19 41 0      
18 40 0      19 42 0      
17 40 0      19 43 0      
16 40 0      19 44 0      
15 40 0      19 45 0      
14 40 0       19 45 1      
14 40 0      19 46 0      
13 40 0      19 47 0      
12 40 0      19 48 0      
11 40 0      19 49 0      
10 40 0      19 50 0      
9 40 0      19 51 0      
8 40 0      19 52 0      
7 40 0      19 3 0      
6 40 0      19 4 0      
5 40 0      19 5 0      
4 40 0      19 6 0      
3 40 0      20 6 0      
2 40 0      21 6 0      
1 40 0      21 5 0      
50 40 0      21 4 0      
49 40 0      21 3 0      
48 40 0      21 52 0      
47 40 0      21 51 0      
46 40 0      22 51 0      
45 40 0      23 51 0      
44 40 0      24 51 0      
43 40 0      25 51 0      
42 40 0      26 51 0      
41 40 0      27 51 0      
40 40 0      28 51 0      
39 40 0      29 51 0      
38 40 0      30 51 0      
37 40 0      31 51 0      
36 40 0      32 51 0      
35 40 0      33 51 0      
34 40 0      34 51 0      
33 40 0      35 51 0      
32 40 0      36 51 0      
31 40 0       36 51 1      
31 40 0      37 51 0      
30 40 0      38 51 0      
29 40 0      39 51 0      
28 40 0      40 51 0      
27 40 0      41 51 0      
26 40 0      42 51 0      
25 40 0      43 51 0      
24 40 0      44 51 0      
23 40 0      45 51 0      
22 40 0      46 51 0      
21 40 0      46 52 0      
20 40 0      46 3 0      
19 40 0      46 4 0      
18 40 0      46 5 0      
17 40 0      46 6 0      
16 40 0      46 7 0      
15 40 0      46 8 0      
14 40 0      46 9 0      
13 40 0      46 10 0      
12 40 0      46 11 0      
11 40 0      47 11 0      
10 40 0      48 11 0      
9 40 0      49 11 0      
8 40 0      0 11 0      
7 40 0      0 12 0      
6 40 0      -1 12 0      
5 40 0      49 12 0      
4 40 0      48 12 0      
3 40 0      47 12 0      
2 40 0      46 12 0      
