10 40 0      40 20 0      
9 40 0      40 21 0      
8 40 0      39 21 0      
7 40 0      38 21 0      
6 40 0      38 20 0      
5 40 0      38 19 0      
4 40 0      38 18 0      
3 40 0      38 17 0      
2 40 0      38 16 0      
1 40 0      38 15 0      
50 40 0      38 14 0      
49 40 0      38 13 0      
48 40 0      39 13 0      
47 40 0      40 13 0      
46 40 1      41 13 0      
45 40 0       41 13 1      
45 40 0      42 13 0      
44 40 0      43 13 0      
43 40 0      44 13 0      
42 40 0      45 13 0      
41 40 0      45 12 0      
40 40 0      45 11 0      
39 40 0      45 10 0      
38 40 0      45 9 0      
37 40 0      45 8 0      
36 40 0      45 7 0      
35 40 0      45 6 0      
34 40 0      45 5 0      
33 40 0      45 4 0      
32 40 0      45 3 0      
31 40 0      45 52 0      
30 40 0      45 51 0      
29 40 0      45 50 0      
28 40 0      45 49 0      
27 40 0      45 48 0      
26 40 0      45 47 0      
25 40 0      44 47 0      
24 40 0      43 47 0      
23 40 0      42 47 0      
22 40 0      41 47 0      
21 40 0      40 47 0      
20 40 0      39 47 0      
19 40 0      38 47 0      
18 40 0      37 47 0      
17 40 0      36 47 0      
16 40 0       36 47 1      
16 40 0      35 47 0      
15 40 0      34 47 0      
14 40 0      33 47 0      
13 40 0      32 47 0      
12 40 0      31 47 0      
11 40 0      30 47 0      
10 40 0      29 47 0      
9 40 0      28 47 0      
8 40 0      27 47 0      
7 40 0      26 47 0      
6 40 0      25 47 0      
5 40 0      24 47 0      
4 40 0      23 47 0      
3 40 0      22 47 0      
2 40 0      21 47 0      
1 40 0      20 47 0      
50 40 0      20 48 0      
49 40 0      20 49 0      
48 40 0      20 50 0      
47 40 0       20 50 1      
47 40 0      20 51 0      
46 40 0      20 52 0      
45 40 0      20 3 0      
44 40 0      20 4 0      
43 40 0      20 5 0      
42 40 0      20 6 0      
41 40 0      20 7 0      
40 40 0      20 8 0      
39 40 0      20 9 0      
38 40 0      20 10 0      
37 40 0      20 11 0      
36 40 0      20 12 0      
35 40 0      20 13 0      
34 40 0       20 13 1      
34 40 0      20 14 0      
33 40 0      20 15 0      
32 40 0      20 16 0      
31 40 0      20 17 0      
30 40 0      20 18 0      
29 40 0      20 19 0      
28 40 0      20 20 0      
27 40 0      20 21 0      
26 40 0      20 22 0      
25 40 0      20 23 0      
24 40 0      20 24 0      
23 40 0      20 25 0      
22 40 0      20 26 0      
21 40 0      20 27 0      
20 40 0      20 28 0      
19 40 0      19 28 0      
18 40 0      18 28 0      
17 40 0      17 28 0      
16 40 0      16 28 0      
15 40 0      15 28 0      
14 40 0      14 28 0      
13 40 0      13 28 0      
12 40 0      12 28 0      
11 40 0      11 28 0      
10 40 0      11 27 0      
9 40 0      11 26 0      
8 40 0      11 25 0      
7 40 0      11 24 0      
6 40 0      11 23 0      
5 40 0      11 22 0      
4 40 0      11 21 0      
3 40 0      11 20 0      
2 40 0      11 19 0      
1 40 0      11 18 0      
50 40 0      11 17 0      
49 40 0      12 17 0      
48 40 0      13 17 0      
47 40 0      14 17 0      
46 40 0      15 17 0      
45 40 0      15 16 0      
44 40 0      15 15 0      
43 40 0      15 14 0      
42 40 0      15 13 0      
41 40 0      15 12 0      
40 40 0      15 11 0      
39 40 0      14 11 0      
38 40 0      13 11 0      
37 40 0      12 11 0      
36 40 0      11 11 0      
35 40 0      10 11 0      
34 40 0       10 11 1      
34 40 0      9 11 0      
33 40 0      8 11 0      
32 40 0      7 11 0      
31 40 0      6 11 0      
30 40 0      5 11 0      
29 40 0      4 11 0      
28 40 0      3 11 0      
27 40 0      2 11 0      
26 40 0      1 11 0      
25 40 0      0 11 0      
24 40 0      49 11 0      
23 40 0      48 11 0      
22 40 0      47 11 0      
21 40 0      46 11 0      
20 40 0      45 11 0      
19 40 0      44 11 0      
18 40 0      43 11 0      
17 40 0      42 11 0      
16 40 0      41 11 0      
15 40 0      40 11 0      
14 40 0      39 11 0      
13 40 0      38 11 0      
12 40 0      38 12 0      
11 40 0      38 13 0      
10 40 0      38 14 0      
9 40 0      38 15 0      
8 40 0      37 15 0      
7 40 0      36 15 0      
6 40 0      35 15 0      
5 40 0      34 15 0      
4 40 0      33 15 0      
3 40 0      32 15 0      
2 40 0      31 15 0      
1 40 0      30 15 0      
50 40 0      29 15 0      
49 40 0      29 16 0      
48 40 0      29 17 0      
47 40 0      29 18 0      
46 40 0      29 19 0      
45 40 0      29 20 0      
44 40 0       29 20 1      
44 40 0      29 21 0      
43 40 0      29 22 0      
42 40 0      29 23 0      
41 40 0      29 24 0      
40 40 0      28 24 0      
39 40 0      27 24 0      
38 40 0      26 24 0      
37 40 0      25 24 0      
36 40 0      24 24 0      
35 40 0      23 24 0      
34 40 0      22 24 0      
33 40 0      21 24 0      
32 40 0      20 24 0      
31 40 0      19 24 0      
30 40 0      18 24 0      
29 40 0      17 24 0      
28 40 0      17 25 0      
27 40 0      17 26 0      
26 40 0      17 27 0      
25 40 0      17 28 0      
24 40 0      17 29 0      
23 40 0      16 29 0      
22 40 0      15 29 0      
21 40 0      14 29 0      
20 40 0      13 29 0      
19 40 0      13 28 0      
18 40 0      13 27 0      
17 40 0      13 26 0      
16 40 0      13 25 0      
15 40 0      13 24 0      
14 40 0      14 24 0      
13 40 0      15 24 0      
12 40 0      16 24 0      
11 40 0      17 24 0      
10 40 0      18 24 0      
9 40 0      18 25 0      
8 40 0      18 26 0      
7 40 0      19 26 0      
6 40 0      20 26 0      
5 40 0      21 26 0      
4 40 0      22 26 0      
3 40 0      23 26 0      
2 40 0      24 26 0      
1 40 0      25 26 0      
50 40 0      25 27 0      
49 40 0      25 28 0      
48 40 0      25 29 0      
47 40 0      25 30 0      
46 40 0      25 31 0      
45 40 0      25 32 0      
44 40 0      25 33 0      
43 40 0      25 34 0      
42 40 0      25 35 0      
41 40 0      25 36 0      
40 40 0      25 37 0      
39 40 0      25 38 0      
38 40 0      25 39 0      
37 40 0      25 40 0      
36 40 0      25 41 0      
35 40 0      25 42 0      
34 40 0      25 43 0      
33 40 0      26 43 0      
32 40 0      26 42 0      
31 40 0      26 41 0      
30 40 0      26 40 0      
29 40 0      26 39 0      
28 40 0      25 39 0      
27 40 0      24 39 0      
26 40 0       24 39 1      
26 40 0      23 39 0      
25 40 0      22 39 0      
24 40 0       22 39 1      
24 40 0      21 39 0      
23 40 0      20 39 0      
22 40 0      19 39 0      
21 40 0      18 39 0      
20 40 0      17 39 0      
19 40 0      17 38 0      
18 40 0      17 37 0      
17 40 0      17 36 0      
16 40 0      17 35 0      
15 40 0      17 34 0      
14 40 0      17 33 0      
13 40 0      17 32 0      
12 40 0      17 31 0      
11 40 0      17 30 0      
10 40 0      17 29 0      
9 40 0      17 28 0      
8 40 0      17 27 0      
7 40 0      17 26 0      
6 40 0      17 25 0      
5 40 0      17 24 0      
4 40 0      17 23 0      
3 40 0      17 22 0      
2 40 0      17 21 0      
1 40 0      17 20 0      
50 40 0      17 19 0      
49 40 0      17 18 0      
48 40 0      17 17 0      
47 40 0      17 16 0      
46 40 0      17 15 0      
45 40 0      17 14 0      
44 40 0      17 13 0      
43 40 0      17 12 0      
42 40 0      17 11 0      
41 40 0      17 10 0      
40 40 0      17 9 0      
39 40 0      17 8 0      
38 40 0      17 7 0      
37 40 0      17 6 0      
36 40 0       17 6 1      
36 40 0      17 5 0      
35 40 0      17 4 0      
34 40 0      18 4 0      
33 40 0      18 5 0      
32 40 0      18 6 0      
31 40 0      18 7 0      
30 40 0      18 8 0      
29 40 0      18 9 0      
28 40 0      18 10 0      
27 40 0      18 11 0      
26 40 0      18 12 0      
25 40 0       18 12 1      
25 40 0      18 13 0      
24 40 0      18 14 0      
23 40 0      18 15 0      
22 40 0      18 16 0      
21 40 0      18 17 0      
20 40 0      18 18 0      
19 40 0      19 18 0      
18 40 0      20 18 0      
17 40 0      21 18 0      
16 40 0      22 18 0      
15 40 0      23 18 0      
14 40 0      24 18 0      
13 40 0      25 18 0      
12 40 0      26 18 0      
11 40 0      27 18 0      
10 40 0      28 18 0      
9 40 0      29 18 0      
8 40 0      30 18 0      
7 40 0      31 18 0      
6 40 0      32 18 0      
5 40 0      33 18 0      
4 40 0      34 18 0      
3 40 0      35 18 0      
2 40 0      36 18 0      
1 40 0      37 18 0      
50 40 0      38 18 0      
49 40 0      39 18 0      
48 40 0      40 18 0      
47 40 0      41 18 0      
46 40 0      42 18 0      
45 40 0      43 18 0      
44 40 0       43 18 1      
44 40 0      44 18 0      
43 40 0      45 18 0      
42 40 0      46 18 0      
41 40 0      47 18 0      
40 40 0      48 18 0      
39 40 0      49 18 0      
38 40 0      0 18 0      
37 40 0      1 18 0      
36 40 0      2 18 0      
35 40 0      3 18 0      
34 40 0      4 18 0      
33 40 0      4 19 0      
32 40 0      4 20 0      
31 40 0      4 21 0      
30 40 0      4 22 0      
29 40 0      4 23 0      
28 40 0      4 24 0      
27 40 0      4 25 0      
26 40 0      4 26 0      
25 40 0      5 26 0      
24 40 0      6 26 0      
23 40 0      7 26 0      
22 40 0      7 27 0      
21 40 0      7 28 0      
20 40 0      7 29 0      
19 40 0      7 30 0      
18 40 0       7 30 1      
18 40 0      7 31 0      
17 40 0      7 32 0      
16 40 0      7 33 0      
15 40 0      7 34 0      
14 40 0      7 35 0      
13 40 0      7 36 0      
12 40 0      7 37 0      
11 40 0      6 37 0      
10 40 0      5 37 0      
9 40 0      4 37 0      
8 40 0       4 37 1      
8 40 0      3 37 0      
7 40 0      2 37 0      
6 40 0      1 37 0      
5 40 0      0 37 0      
4 40 0      49 37 0      
3 40 0      48 37 0      
2 40 0      47 37 0      
1 40 0      46 37 0      
50 40 0      45 37 0      
49 40 0      44 37 0      
48 40 0      43 37 0      
47 40 0      42 37 0      
46 40 0      41 37 0      
45 40 0      41 36 0      
44 40 0      41 35 0      
43 40 0      41 34 0      
42 40 0      41 33 0      
41 40 0      41 32 0      
40 40 0      41 31 0      
39 40 0      41 30 0      
38 40 0      41 29 0      
37 40 0      41 28 0      
36 40 0      41 27 0      
35 40 0      41 26 0      
34 40 0      41 25 0      
33 40 0      41 24 0      
32 40 0      41 23 0      
31 40 0      41 22 0      
30 40 0      40 22 0      
29 40 0      39 22 0      
28 40 0      38 22 0      
27 40 0      37 22 0      
26 40 0      37 21 0      
25 40 0      37 20 0      
24 40 0      37 19 0      
23 40 0       37 19 1      
23 40 0      37 18 0      
22 40 0      37 17 0      
21 40 0      38 17 0      
20 40 0      39 17 0      
19 40 0      40 17 0      
18 40 0      41 17 0      
17 40 0      42 17 0      
16 40 0      43 17 0      
15 40 0      44 17 0      
14 40 0      45 17 0      
13 40 0       45 17 1      
13 40 0      46 17 0      
12 40 0      47 17 0      
11 40 0      48 17 0      
10 40 0      49 17 0      
9 40 0      0 17 0      
8 40 0      1 17 0      
7 40 0      2 17 0      
6 40 0      3 17 0      
5 40 0      4 17 0      
4 40 0      5 17 0      
3 40 0      6 17 0      
2 40 0      6 16 0      
1 40 0      6 15 0      
50 40 0      6 14 0      
49 40 0      6 13 0      
48 40 0      6 12 0      
47 40 0      7 12 0      
46 40 0      8 12 0      
45 40 0      9 12 0      
44 40 0      10 12 0      
43 40 0      11 12 0      
42 40 0      12 12 0      
41 40 0      13 12 0      
40 40 0      14 12 0      
39 40 0      15 12 0      
38 40 0      16 12 0      
37 40 0      17 12 0      
36 40 0      18 12 0      
35 40 0      19 12 0      
34 40 0      20 12 0      
33 40 0      21 12 0      
32 40 0      22 12 0      
31 40 0      23 12 0      
30 40 0      24 12 0      
29 40 0      25 12 0      
28 40 0      26 12 0      
27 40 0      27 12 0      
26 40 0      28 12 0      
25 40 0      29 12 0      
24 40 0      30 12 0      
23 40 0      31 12 0      
22 40 0      32 12 0      
21 40 0      33 12 0      
20 40 0      34 12 0      
19 40 0      35 12 0      
18 40 0      36 12 0      
17 40 0      37 12 0      
16 40 0      38 12 0      
15 40 0      39 12 0      
14 40 0      40 12 0      
13 40 0      40 13 0      
12 40 0      40 14 0      
11 40 0      40 15 0      
10 40 0       40 15 1      
10 40 0      40 16 0      
9 40 0      40 17 0      
8 40 0      40 18 0      
7 40 0      39 18 0      
6 40 0      39 19 0      
5 40 0      39 20 0      
4 40 0      39 21 0      
3 40 0      39 22 0      
2 40 0      39 23 0      
1 40 0      39 24 0      
50 40 0      39 25 0      
49 40 0      39 26 0      
48 40 0      39 27 0      
47 40 0      39 28 0      
46 40 0       39 28 1      
46 40 0      39 29 0      
45 40 0      39 30 0      
44 40 0      39 31 0      
43 40 0      39 32 0      
42 40 0      39 33 0      
41 40 0      39 34 0      
40 40 0      39 35 0      
39 40 0      39 36 0      
38 40 0      39 37 0      
37 40 0      39 38 0      
36 40 0      39 39 0      
35 40 0      39 40 0      
34 40 0      39 41 0      
33 40 0      39 42 0      
32 40 0      39 43 0      
31 40 0       39 43 1      
31 40 0      39 44 0      
30 40 0      39 45 0      
29 40 0      39 46 0      
28 40 0      39 47 0      
27 40 0      39 48 0      
26 40 0      39 49 0      
25 40 0      39 50 0      
24 40 0      39 51 0      
23 40 0      39 52 0      
22 40 0      39 3 0      
21 40 0      39 4 0      
20 40 0      39 5 0      
19 40 0      39 6 0      
18 40 0      39 7 0      
17 40 0      39 8 0      
16 40 0      39 9 0      
15 40 0      39 10 0      
14 40 0      39 11 0      
13 40 0      39 12 0      
12 40 0      39 13 0      
11 40 0      39 14 0      
10 40 0      39 15 0      
9 40 0      39 16 0      
8 40 0      39 17 0      
7 40 0      40 17 0      
6 40 0      41 17 0      
5 40 0      42 17 0      
4 40 0      43 17 0      
3 40 0      44 17 0      
2 40 0      45 17 0      
1 40 0      46 17 0      
50 40 0      47 17 0      
49 40 0      48 17 0      
48 40 0      49 17 0      
47 40 0      0 17 0      
46 40 0      1 17 0      
45 40 0      2 17 0      
44 40 0      3 17 0      
43 40 0      4 17 0      
42 40 0      5 17 0      
41 40 0      6 17 0      
40 40 0      7 17 0      
39 40 0       7 17 1      
39 40 0      8 17 0      
38 40 0      9 17 0      
37 40 0      10 17 0      
36 40 0      11 17 0      
35 40 0      12 17 0      
34 40 0      13 17 0      
33 40 0      14 17 0      
32 40 0      15 17 0      
31 40 0      16 17 0      
30 40 0      17 17 0      
29 40 0      18 17 0      
28 40 0      19 17 0      
27 40 0       19 17 1      
27 40 0      20 17 0      
26 40 0      21 17 0      
25 40 0      22 17 0      
24 40 0      23 17 0      
23 40 0      24 17 0      
22 40 0      25 17 0      
21 40 0      26 17 0      
20 40 0      27 17 0      
19 40 0      28 17 0      
18 40 0      29 17 0      
17 40 0      30 17 0      
16 40 0      31 17 0      
15 40 0      32 17 0      
14 40 0      33 17 0      
13 40 0      34 17 0      
12 40 0      35 17 0      
11 40 0      36 17 0      
10 40 0      37 17 0      
9 40 0      38 17 0      
8 40 0      39 17 0      
7 40 0      40 17 0      
6 40 0      41 17 0      
5 40 0      42 17 0      
4 40 0      42 16 0      
3 40 0      42 15 0      
2 40 0      42 14 0      
1 40 0      42 13 0      
50 40 0      43 13 0      
49 40 0      43 12 0      
48 40 0      44 12 0      
47 40 0      45 12 0      
46 40 0      46 12 0      
45 40 0       46 12 1      
45 40 0      47 12 0      
44 40 0      47 11 0      
43 40 0      46 11 0      
42 40 0      45 11 0      
41 40 0      45 10 0      
40 40 0      45 9 0      
39 40 0      45 8 0      
38 40 0      45 7 0      
37 40 0      45 6 0      
36 40 0      45 5 0      
35 40 0      45 4 0      
34 40 0      45 3 0      
33 40 0      45 52 0      
32 40 0      45 51 0      
31 40 0      45 50 0      
30 40 0      45 49 0      
29 40 0      45 48 0      
28 40 0      45 47 0      
27 40 0      46 47 0      
26 40 0      47 47 0      
25 40 0      48 47 0      
24 40 0      48 46 0      
23 40 0      48 45 0      
22 40 0      48 44 0      
21 40 0      48 43 0      
20 40 0      48 42 0      
19 40 0      48 41 0      
18 40 0      48 40 0      
17 40 0      48 39 0      
16 40 0      48 38 0      
15 40 0      48 37 0      
14 40 0      47 37 0      
13 40 0      46 37 0      
12 40 0      45 37 0      
11 40 0      44 37 0      
10 40 0      43 37 0      
9 40 0      42 37 0      
8 40 0      41 37 0      
7 40 0      40 37 0      
6 40 0      39 37 0      
5 40 0      39 36 0      
4 40 0      39 35 0      
3 40 0      39 34 0      
2 40 0      39 33 0      
1 40 0      40 33 0      
50 40 0      40 34 0      
49 40 0       40 34 1      
49 40 0      40 35 0      
48 40 0      40 36 0      
47 40 0      40 37 0      
46 40 0      40 38 0      
45 40 0      40 39 0      
44 40 0      40 40 0      
43 40 0      41 40 0      
42 40 0      42 40 0      
41 40 0      43 40 0      
40 40 0      44 40 0      
39 40 0      45 40 0      
38 40 0      46 40 0      
37 40 0      47 40 0      
36 40 0      48 40 0      
35 40 0      49 40 0      
34 40 0      0 40 0      
33 40 0      1 40 0      
32 40 0      2 40 0      
31 40 0      3 40 0      
30 40 0      4 40 0      
29 40 0      5 40 0      
28 40 0      6 40 0      
27 40 0      7 40 0      
26 40 0      8 40 0      
25 40 0      9 40 0      
24 40 0      10 40 0      
23 40 0      11 40 0      
22 40 0      12 40 0      
21 40 0      13 40 0      
20 40 0      14 40 0      
19 40 0      15 40 0      
18 40 0      16 40 0      
17 40 0      17 40 0      
16 40 0      18 40 0      
15 40 0      19 40 0      
14 40 0      20 40 0      
13 40 0      21 40 0      
12 40 0      22 40 0      
11 40 0      23 40 0      
10 40 0      24 40 0      
9 40 0      25 40 0      
8 40 0      25 39 0      
7 40 0      25 38 0      
6 40 0      25 37 0      
5 40 0      25 36 0      
4 40 0      25 35 0      
3 40 0      25 34 0      
2 40 0      25 33 0      
1 40 0      26 33 0      
50 40 0      27 33 0      
49 40 0      28 33 0      
48 40 0      29 33 0      
47 40 0      30 33 0      
46 40 0      31 33 0      
45 40 0      32 33 0      
44 40 0      32 34 0      
43 40 0      32 35 0      
42 40 0      32 36 0      
41 40 0      32 37 0      
40 40 0      32 38 0      
39 40 0       32 38 1      
39 40 0      32 39 0      
38 40 0      32 40 0      
37 40 0      32 41 0      
36 40 0      33 41 0      
35 40 0      34 41 0      
34 40 0      35 41 0      
33 40 0      36 41 0      
32 40 0      37 41 0      
31 40 0      38 41 0      
30 40 0      39 41 0      
29 40 0      40 41 0      
28 40 0      41 41 0      
27 40 0       41 41 1      
27 40 0      42 41 0      
26 40 0      43 41 0      
25 40 0      44 41 0      
24 40 0      45 41 0      
23 40 0      46 41 0      
22 40 0      47 41 0      
21 40 0      48 41 0      
20 40 0      49 41 0      
19 40 0      0 41 0      
18 40 0      1 41 0      
17 40 0      2 41 0      
16 40 0      3 41 0      
15 40 0      4 41 0      
14 40 0      4 42 0      
13 40 0      4 43 0      
12 40 0      4 44 0      
11 40 0      4 45 0      
10 40 0      4 46 0      
9 40 0      4 47 0      
8 40 0      4 48 0      
7 40 0      4 49 0      
6 40 0      4 50 0      
5 40 0      3 50 0      
4 40 0      2 50 0      
3 40 0      1 50 0      
2 40 0      0 50 0      
1 40 0      49 50 0      
50 40 0      48 50 0      
49 40 0      47 50 0      
48 40 0      46 50 0      
47 40 0      45 50 0      
46 40 0      44 50 0      
45 40 0      43 50 0      
44 40 0      43 49 0      
43 40 0      43 48 0      
42 40 0      43 47 0      
41 40 0      43 46 0      
40 40 0      43 45 0      
39 40 0       43 45 1      
39 40 0      43 44 0      
38 40 0      43 43 0      
37 40 0       43 43 1      
37 40 0      42 43 0      
36 40 0      41 43 0      
35 40 0      40 43 0      
34 40 0      39 43 0      
33 40 0      38 43 0      
32 40 0      37 43 0      
31 40 0      36 43 0      
30 40 0      35 43 0      
29 40 0      34 43 0      
28 40 0      33 43 0      
27 40 0      32 43 0      
26 40 0      31 43 0      
25 40 0      30 43 0      
24 40 0      29 43 0      
23 40 0      28 43 0      
22 40 0      27 43 0      
21 40 0      26 43 0      
20 40 0      25 43 0      
19 40 0      24 43 0      
18 40 0      23 43 0      
17 40 0      23 44 0      
