10 40 0      40 20 0      
9 40 0      40 21 0      
8 40 0      40 22 0      
7 40 0      40 23 0      
6 40 0      40 24 0      
5 40 0      40 25 0      
4 40 0      40 26 0      
3 40 0      40 27 0      
2 40 0      40 28 0      
1 40 1      40 29 0      
50 40 0      40 30 0      
49 40 0      40 31 0      
48 40 0      40 32 0      
47 40 0      40 33 0      
46 40 0      40 34 0      
45 40 0      40 35 0      
44 40 0      40 36 0      
43 40 0      40 37 0      
42 40 0      40 38 0      
41 40 0      40 39 0      
40 40 0       40 39 1      
40 40 0      40 40 0      
39 40 0      40 41 0      
38 40 0      40 42 0      
37 40 0      40 43 0      
36 40 0      40 44 0      
35 40 0      40 45 0      
34 40 0      40 46 0      
33 40 1      40 47 0      
32 40 0      40 48 0      
31 40 0      40 49 0      
30 40 0      40 50 0      
29 40 0      40 51 0      
28 40 0      40 52 0      
27 40 0      40 3 0      
26 40 0      40 4 0      
25 40 0      40 5 0      
24 40 0      41 5 0      
23 40 0      42 5 0      
22 40 0      43 5 0      
21 40 0      44 5 0      
20 40 0      45 5 0      
19 40 0      46 5 0      
18 40 0      47 5 0      
17 40 0      48 5 0      
16 40 0      49 5 0      
15 40 0      0 5 0      
14 40 0      1 5 0      
13 40 0      2 5 0      
12 40 0       2 5 1      
12 40 0      3 5 0      
11 40 0       3 5 1      
11 40 0      4 5 0      
10 40 0      5 5 0      
9 40 0      6 5 0      
8 40 0      7 5 0      
7 40 0      7 6 0      
6 40 0       7 6 1      
6 40 0      7 7 0      
5 40 0      7 8 0      
4 40 0      7 9 0      
3 40 0      7 10 0      
2 40 0      7 11 0      
1 40 0      7 12 0      
50 40 0      7 13 0      
49 40 0      8 13 0      
48 40 0      9 13 0      
47 40 0      10 13 0      
46 40 0      11 13 0      
45 40 0      12 13 0      
44 40 0      13 13 0      
43 40 0       13 13 1      
43 40 0      14 13 0      
42 40 0      15 13 0      
41 40 0      15 12 0      
40 40 0      15 11 0      
39 40 0      16 11 0      
38 40 0      17 11 0      
37 40 0       17 11 1      
37 40 0      18 11 0      
36 40 0      19 11 0      
35 40 0      20 11 0      
34 40 0      20 10 0      
33 40 0      20 9 0      
32 40 0       20 9 1      
32 40 0      20 8 0      
31 40 0      20 7 0      
30 40 0      20 6 0      
29 40 0      20 5 0      
28 40 0      20 4 0      
27 40 0      20 3 0      
26 40 0      20 52 0      
25 40 0      20 51 0      
24 40 0      20 50 0      
23 40 0      20 49 0      
22 40 0      20 48 0      
21 40 0       20 48 1      
21 40 0      20 47 0      
20 40 0      20 46 0      
19 40 0      20 45 0      
18 40 0      20 44 0      
17 40 0      20 43 0      
16 40 0      20 42 0      
15 40 0      20 41 0      
14 40 0      20 40 0      
13 40 0      20 39 0      
12 40 0      20 38 0      
11 40 0      20 37 0      
10 40 0       20 37 1      
10 40 0      20 36 0      
9 40 0      20 35 0      
8 40 0      20 34 0      
7 40 0      20 33 0      
6 40 0      20 32 0      
5 40 0      20 31 0      
4 40 0      20 30 0      
3 40 0      21 30 0      
2 40 0      22 30 0      
1 40 0      23 30 0      
50 40 0      24 30 0      
49 40 0      24 29 0      
48 40 0      24 28 0      
47 40 0      24 27 0      
46 40 0      24 26 0      
45 40 0      24 25 0      
44 40 0      24 24 0      
43 40 0      23 24 0      
42 40 0      22 24 0      
41 40 0      21 24 0      
40 40 0      20 24 0      
39 40 0      19 24 0      
38 40 0      18 24 0      
37 40 0      17 24 0      
36 40 0      16 24 0      
35 40 0      16 25 0      
34 40 0      16 26 0      
33 40 0      16 27 0      
32 40 0      17 27 0      
31 40 0      18 27 0      
30 40 0      18 26 0      
29 40 0      18 25 0      
28 40 0      18 24 0      
27 40 0      18 23 0      
26 40 0      18 22 0      
25 40 0      18 21 0      
24 40 0      18 20 0      
23 40 0      18 19 0      
22 40 0      19 19 0      
21 40 0      20 19 0      
20 40 0      21 19 0      
19 40 0      22 19 0      
18 40 0      23 19 0      
17 40 0       23 19 1      
17 40 0      24 19 0      
16 40 0      25 19 0      
15 40 0      26 19 0      
14 40 0      27 19 0      
13 40 0      28 19 0      
12 40 0      29 19 0      
11 40 0      30 19 0      
10 40 0      31 19 0      
9 40 0      32 19 0      
8 40 0      33 19 0      
7 40 0      34 19 0      
6 40 0      35 19 0      
5 40 0      36 19 0      
4 40 0      37 19 0      
3 40 0      38 19 0      
2 40 0      39 19 0      
1 40 0      40 19 0      
50 40 0      41 19 0      
49 40 0      42 19 0      
48 40 0      43 19 0      
47 40 0      44 19 0      
46 40 0       44 19 1      
46 40 0      45 19 0      
45 40 0      46 19 0      
44 40 0      47 19 0      
43 40 0      47 20 0      
42 40 0      47 21 0      
41 40 0      46 21 0      
40 40 0      45 21 0      
39 40 0      44 21 0      
38 40 0      43 21 0      
37 40 0      42 21 0      
36 40 0      41 21 0      
35 40 0      41 20 0      
34 40 0      41 19 0      
33 40 0      41 18 0      
32 40 0      41 17 0      
31 40 0      41 16 0      
30 40 0      40 16 0      
29 40 0      39 16 0      
28 40 0      38 16 0      
27 40 0      37 16 0      
26 40 0      36 16 0      
25 40 0      35 16 0      
24 40 0      34 16 0      
23 40 0      33 16 0      
22 40 0      33 15 0      
21 40 0      33 14 0      
20 40 0       33 14 1      
20 40 0      33 13 0      
19 40 0      33 12 0      
18 40 0      33 11 0      
17 40 0      33 10 0      
16 40 0      33 9 0      
15 40 0       33 9 1      
15 40 0      34 9 0      
14 40 0      35 9 0      
13 40 0      36 9 0      
12 40 0      37 9 0      
11 40 0      38 9 0      
10 40 0      39 9 0      
9 40 0      40 9 0      
8 40 0      41 9 0      
7 40 0       41 9 1      
7 40 0      42 9 0      
6 40 0      43 9 0      
5 40 0      43 10 0      
4 40 0      43 11 0      
3 40 0      43 12 0      
2 40 0      43 13 0      
1 40 0      43 14 0      
50 40 0      43 15 0      
49 40 0      43 16 0      
48 40 0      43 17 0      
47 40 0      44 17 0      
46 40 0      45 17 0      
45 40 0      46 17 0      
44 40 0      47 17 0      
43 40 0      48 17 0      
42 40 0      49 17 0      
41 40 0      0 17 0      
40 40 0      0 18 0      
39 40 0      0 19 0      
38 40 0      0 20 0      
37 40 0      1 20 0      
36 40 0      2 20 0      
35 40 0      3 20 0      
34 40 0       3 20 1      
34 40 0      4 20 0      
33 40 0      5 20 0      
32 40 0      6 20 0      
31 40 0      7 20 0      
30 40 0      8 20 0      
29 40 0      9 20 0      
28 40 0      10 20 0      
27 40 0      11 20 0      
26 40 0      12 20 0      
25 40 0      13 20 0      
24 40 0      14 20 0      
23 40 0      15 20 0      
22 40 0      16 20 0      
21 40 0      17 20 0      
20 40 0      18 20 0      
19 40 0      19 20 0      
18 40 0      20 20 0      
17 40 0      21 20 0      
16 40 0       21 20 1      
16 40 0      22 20 0      
15 40 0      23 20 0      
14 40 0      24 20 0      
13 40 0      25 20 0      
12 40 0      26 20 0      
11 40 0      27 20 0      
10 40 0      28 20 0      
9 40 0       28 20 1      
9 40 0      29 20 0      
8 40 0      30 20 0      
7 40 0      31 20 0      
6 40 0      32 20 0      
5 40 0      33 20 0      
4 40 0      33 21 0      
3 40 0      33 22 0      
2 40 0      33 23 0      
1 40 0      33 24 0      
50 40 0      33 25 0      
49 40 0      32 25 0      
48 40 0      31 25 0      
47 40 0      30 25 0      
46 40 0      29 25 0      
45 40 0       29 25 1      
45 40 0      28 25 0      
44 40 0      27 25 0      
43 40 0       27 25 1      
43 40 0      26 25 0      
42 40 0      25 25 0      
41 40 0      24 25 0      
40 40 0      23 25 0      
39 40 0      22 25 0      
38 40 0      22 26 0      
37 40 0      22 27 0      
36 40 0      22 28 0      
35 40 0      22 29 0      
34 40 0      22 30 0      
33 40 0      22 31 0      
32 40 0      22 32 0      
31 40 0      23 32 0      
30 40 0      23 33 0      
29 40 0      23 34 0      
28 40 0      23 35 0      
27 40 0      23 36 0      
26 40 0      24 36 0      
25 40 0      25 36 0      
24 40 0      26 36 0      
23 40 0      27 36 0      
22 40 0      28 36 0      
21 40 0      29 36 0      
20 40 0      30 36 0      
19 40 0      31 36 0      
18 40 0       31 36 1      
18 40 0      32 36 0      
17 40 0      33 36 0      
16 40 0      34 36 0      
15 40 0      35 36 0      
14 40 0      36 36 0      
13 40 0      37 36 0      
12 40 0      38 36 0      
11 40 0      39 36 0      
10 40 0      40 36 0      
9 40 0      41 36 0      
8 40 0      42 36 0      
7 40 0      43 36 0      
6 40 0      44 36 0      
5 40 0      45 36 0      
4 40 0      46 36 0      
3 40 0      47 36 0      
2 40 0      48 36 0      
1 40 0      49 36 0      
50 40 0      0 36 0      
49 40 0      1 36 0      
48 40 0      2 36 0      
47 40 0      3 36 0      
46 40 0      4 36 0      
45 40 0      5 36 0      
44 40 0      6 36 0      
43 40 0      7 36 0      
42 40 0      8 36 0      
41 40 0      9 36 0      
40 40 0      10 36 0      
39 40 0      11 36 0      
38 40 0      11 35 0      
37 40 0      11 34 0      
36 40 0      11 33 0      
35 40 0       11 33 1      
35 40 0      11 32 0      
34 40 0       11 32 1      
34 40 0      11 31 0      
33 40 0      11 30 0      
32 40 0      11 29 0      
31 40 0      11 28 0      
30 40 0      11 27 0      
29 40 0      11 26 0      
28 40 0      11 25 0      
27 40 0       11 25 1      
27 40 0      11 24 0      
26 40 0      11 23 0      
25 40 0      11 22 0      
24 40 0      11 21 0      
23 40 0       11 21 1      
23 40 0      11 20 0      
22 40 0      11 19 0      
21 40 0      12 19 0      
20 40 0      13 19 0      
19 40 0      14 19 0      
18 40 0      15 19 0      
17 40 0      16 19 0      
16 40 0      17 19 0      
15 40 0      18 19 0      
14 40 0      19 19 0      
13 40 0      20 19 0      
12 40 0      21 19 0      
11 40 0      22 19 0      
10 40 0      23 19 0      
9 40 0      24 19 0      
8 40 0      25 19 0      
7 40 0      26 19 0      
6 40 0      27 19 0      
5 40 0      28 19 0      
4 40 0      29 19 0      
3 40 0      29 20 0      
2 40 0      29 21 0      
1 40 0      29 22 0      
50 40 0      29 23 0      
49 40 0      29 24 0      
48 40 0      29 25 0      
47 40 0      29 26 0      
46 40 0      29 27 0      
45 40 0      29 28 0      
44 40 0      29 29 0      
43 40 0      29 30 0      
42 40 0      29 31 0      
41 40 0      29 32 0      
40 40 0      29 33 0      
39 40 0      29 34 0      
38 40 0      28 34 0      
37 40 0      27 34 0      
36 40 0      26 34 0      
35 40 0      26 33 0      
34 40 0      26 32 0      
33 40 0      26 31 0      
32 40 0      26 30 0      
31 40 0      26 29 0      
30 40 0      26 28 0      
29 40 0      26 27 0      
28 40 0      26 26 0      
27 40 0      26 25 0      
26 40 0      26 24 0      
25 40 0      26 23 0      
24 40 0      26 22 0      
23 40 0       26 22 1      
23 40 0      26 21 0      
22 40 0      26 20 0      
21 40 0      26 19 0      
20 40 0      26 18 0      
19 40 0      26 17 0      
18 40 0      27 17 0      
17 40 0      27 18 0      
16 40 0      27 19 0      
15 40 0      27 20 0      
14 40 0      27 21 0      
13 40 0      27 22 0      
12 40 0      27 23 0      
11 40 0      27 24 0      
10 40 0      27 25 0      
9 40 0      27 26 0      
8 40 0      27 27 0      
7 40 0      27 28 0      
6 40 0      27 29 0      
5 40 0      27 30 0      
4 40 0      27 31 0      
3 40 0      27 32 0      
2 40 0      27 33 0      
1 40 0      27 34 0      
50 40 0      27 35 0      
49 40 0      27 36 0      
48 40 0      27 37 0      
47 40 0      27 38 0      
46 40 0      27 39 0      
45 40 0      27 40 0      
44 40 0      27 41 0      
43 40 0      27 42 0      
42 40 0      28 42 0      
41 40 0       28 42 1      
41 40 0      29 42 0      
40 40 0      29 41 0      
39 40 0      29 40 0      
38 40 0      29 39 0      
37 40 0      29 38 0      
36 40 0      29 37 0      
35 40 0      29 36 0      
34 40 0      29 35 0      
33 40 0      29 34 0      
32 40 0      29 33 0      
31 40 0      29 32 0      
30 40 0      29 31 0      
29 40 0      29 30 0      
28 40 0      29 29 0      
27 40 0      29 28 0      
26 40 0      29 27 0      
25 40 0      29 26 0      
24 40 0      29 25 0      
23 40 0      29 24 0      
22 40 0      29 23 0      
21 40 0      29 22 0      
20 40 0      29 21 0      
19 40 0      29 20 0      
18 40 0      29 19 0      
17 40 0      30 19 0      
16 40 0      31 19 0      
15 40 0      32 19 0      
14 40 0      33 19 0      
13 40 0      34 19 0      
12 40 0      35 19 0      
11 40 0      36 19 0      
10 40 0      37 19 0      
9 40 0      38 19 0      
8 40 0      38 20 0      
7 40 0      38 21 0      
6 40 0      38 22 0      
5 40 0      38 23 0      
4 40 0      38 24 0      
3 40 0      39 24 0      
2 40 0      40 24 0      
1 40 0      41 24 0      
50 40 0      42 24 0      
49 40 0      43 24 0      
48 40 0      44 24 0      
47 40 0      45 24 0      
46 40 0      46 24 0      
45 40 0      47 24 0      
44 40 0      48 24 0      
43 40 0      48 25 0      
42 40 0      48 26 0      
41 40 0      48 27 0      
40 40 0      48 28 0      
39 40 0      48 29 0      
38 40 0      48 30 0      
37 40 0      48 31 0      
36 40 0      48 32 0      
35 40 0      48 33 0      
34 40 0      48 34 0      
33 40 0      48 35 0      
32 40 0      48 36 0      
31 40 0      48 37 0      
30 40 0      48 38 0      
29 40 0      48 39 0      
28 40 0      48 40 0      
27 40 0      48 41 0      
26 40 0      48 42 0      
25 40 0      48 43 0      
24 40 0       48 43 1      
24 40 0      48 44 0      
23 40 0      48 45 0      
22 40 0      48 46 0      
21 40 0       48 46 1      
21 40 0      47 46 0      
20 40 0      46 46 0      
19 40 0      45 46 0      
18 40 0      44 46 0      
17 40 0      43 46 0      
16 40 0      42 46 0      
15 40 0      42 45 0      
14 40 0      42 44 0      
13 40 0      42 43 0      
12 40 0      42 42 0      
11 40 0      42 41 0      
10 40 0      42 40 0      
9 40 0      42 39 0      
8 40 0      42 38 0      
7 40 0      42 37 0      
6 40 0      42 36 0      
5 40 0      42 35 0      
4 40 0      42 34 0      
3 40 0      42 33 0      
2 40 0      42 32 0      
1 40 0      42 31 0      
50 40 0      42 30 0      
49 40 0      42 29 0      
48 40 0      42 28 0      
47 40 0      42 27 0      
46 40 0      42 26 0      
45 40 0      42 25 0      
44 40 0      42 24 0      
43 40 0      42 23 0      
42 40 0      42 22 0      
41 40 0      42 21 0      
40 40 0      42 20 0      
39 40 0      42 19 0      
38 40 0      42 18 0      
37 40 0      42 17 0      
36 40 0      43 17 0      
35 40 0      44 17 0      
34 40 0      45 17 0      
33 40 0      45 16 0      
32 40 0      45 15 0      
31 40 0      45 14 0      
30 40 0      45 13 0      
29 40 0      45 12 0      
28 40 0      45 11 0      
27 40 0      45 10 0      
26 40 0      45 9 0      
25 40 0      45 8 0      
24 40 0      45 7 0      
23 40 0      45 6 0      
22 40 0      45 5 0      
21 40 0      45 4 0      
20 40 0      45 3 0      
19 40 0      46 53 0      
18 40 0      47 53 0      
17 40 0      47 54 0      
16 40 0      47 3 0      
15 40 0      47 4 0      
14 40 0      47 5 0      
13 40 0      47 6 0      
12 40 0      47 7 0      
11 40 0       47 7 1      
11 40 0      47 8 0      
10 40 0      47 9 0      
9 40 0      47 10 0      
8 40 0      47 11 0      
7 40 0      47 12 0      
6 40 0      47 13 0      
5 40 0      46 13 0      
4 40 0      45 13 0      
3 40 0      45 12 0      
2 40 0      45 11 0      
1 40 0      45 10 0      
50 40 0      45 9 0      
49 40 0      45 8 0      
48 40 0      45 7 0      
47 40 0      45 6 0      
46 40 0      45 5 0      
45 40 0      45 4 0      
44 40 0      45 3 0      
43 40 0      45 52 0      
42 40 0      45 51 0      
41 40 0      44 51 0      
40 40 0      43 51 0      
39 40 0      43 50 0      
38 40 0       43 50 1      
38 40 0      43 49 0      
37 40 0      43 48 0      
36 40 0      43 47 0      
35 40 0      44 47 0      
34 40 0       44 47 1      
34 40 0      45 47 0      
33 40 0      46 47 0      
32 40 0      47 47 0      
31 40 0      48 47 0      
30 40 0      49 47 0      
29 40 0       49 47 1      
29 40 0      0 47 0      
28 40 0      1 47 0      
27 40 0      2 47 0      
26 40 0      2 48 0      
25 40 0      2 49 0      
24 40 0      2 50 0      
23 40 0      2 51 0      
22 40 0      2 52 0      
21 40 0      2 3 0      
20 40 0      2 4 0      
19 40 0      2 5 0      
18 40 0      2 6 0      
17 40 0      2 7 0      
16 40 0      2 8 0      
15 40 0      2 9 0      
14 40 0      2 10 0      
13 40 0      3 10 0      
12 40 0      4 10 0      
11 40 0      4 11 0      
10 40 0      4 12 0      
9 40 0      4 13 0      
8 40 0      4 14 0      
7 40 0      3 14 0      
6 40 0      2 14 0      
5 40 0      1 14 0      
4 40 0      0 14 0      
3 40 0      49 14 0      
2 40 0       49 14 1      
2 40 0      48 14 0      
1 40 0      47 14 0      
50 40 0      46 14 0      
49 40 0      45 14 0      
48 40 0      44 14 0      
47 40 0      43 14 0      
46 40 0      43 15 0      
45 40 0      43 16 0      
44 40 0      43 17 0      
43 40 0      43 18 0      
42 40 0      42 18 0      
41 40 0      41 18 0      
40 40 0      40 18 0      
39 40 0      39 18 0      
38 40 0      38 18 0      
37 40 0      37 18 0      
36 40 0      36 18 0      
35 40 0      35 18 0      
34 40 0      35 17 0      
33 40 0      35 16 0      
32 40 0      35 15 0      
31 40 0       35 15 1      
31 40 0      36 15 0      
30 40 0      37 15 0      
29 40 0      38 15 0      
28 40 0      38 16 0      
27 40 0      38 17 0      
26 40 0      38 18 0      
25 40 0      38 19 0      
24 40 0      37 19 0      
23 40 0      36 19 0      
22 40 0      35 19 0      
21 40 0      34 19 0      
20 40 0      33 19 0      
19 40 0      32 19 0      
18 40 0      31 19 0      
17 40 0      30 19 0      
16 40 0      29 19 0      
15 40 0      28 19 0      
14 40 0      27 19 0      
13 40 0      27 20 0      
12 40 0      27 21 0      
11 40 0      27 22 0      
10 40 0      27 23 0      
9 40 0      27 24 0      
8 40 0      27 25 0      
7 40 0      27 26 0      
6 40 0      27 27 0      
5 40 0      27 28 0      
4 40 0      27 29 0      
3 40 0      27 30 0      
2 40 0      27 31 0      
1 40 0      27 32 0      
50 40 0      27 33 0      
49 40 0      27 34 0      
48 40 0      27 35 0      
47 40 0      27 36 0      
46 40 0      27 37 0      
45 40 0      27 38 0      
44 40 0      27 39 0      
43 40 0      27 40 0      
42 40 0      27 41 0      
41 40 0      27 42 0      
40 40 0      27 43 0      
39 40 0      27 44 0      
38 40 0       27 44 1      
38 40 0      27 45 0      
37 40 0      28 45 0      
36 40 0      28 44 0      
35 40 0      28 43 0      
34 40 0      28 42 0      
33 40 0      28 41 0      
32 40 0      29 41 0      
31 40 0      30 41 0      
30 40 0      31 41 0      
29 40 0      32 41 0      
28 40 0      33 41 0      
27 40 0      34 41 0      
26 40 0      35 41 0      
25 40 0      36 41 0      
24 40 0      37 41 0      
23 40 0      38 41 0      
22 40 0      39 41 0      
21 40 0      39 42 0      
20 40 0      39 43 0      
19 40 0      39 44 0      
18 40 0      40 44 0      
17 40 0      41 44 0      
16 40 0      42 44 0      
15 40 0      43 44 0      
14 40 0      44 44 0      
13 40 0      45 44 0      
12 40 0      46 44 0      
11 40 0      47 44 0      
10 40 0      48 44 0      
9 40 0      49 44 0      
8 40 0      0 44 0      
7 40 0      1 44 0      
6 40 0      2 44 0      
5 40 0      3 44 0      
4 40 0      4 44 0      
3 40 0      5 44 0      
2 40 0      5 45 0      
1 40 0      5 46 0      
50 40 0      5 47 0      
49 40 0      5 48 0      
48 40 0      5 49 0      
47 40 0      5 50 0      
46 40 0      5 51 0      
45 40 0       5 51 1      
45 40 0      5 52 0      
44 40 0      5 3 0      
43 40 0      5 4 0      
42 40 0      5 5 0      
41 40 0      5 6 0      
40 40 0      5 7 0      
39 40 0      5 8 0      
38 40 0      6 8 0      
37 40 0       6 8 1      
37 40 0      7 8 0      
36 40 0      8 8 0      
35 40 0      9 8 0      
34 40 0       9 8 1      
34 40 0      10 8 0      
33 40 0      11 8 0      
32 40 0      11 9 0      
31 40 0      11 10 0      
30 40 0      11 11 0      
29 40 0      11 12 0      
28 40 0      12 12 0      
27 40 0      13 12 0      
26 40 0      13 11 0      
25 40 0      13 10 0      
24 40 0      13 9 0      
23 40 0      13 8 0      
22 40 0      13 7 0      
21 40 0      14 7 0      
20 40 0      15 7 0      
19 40 0      16 7 0      
18 40 0      17 7 0      
17 40 0      18 7 0      
16 40 0      19 7 0      
15 40 0      20 7 0      
14 40 0      21 7 0      
13 40 0      21 6 0      
12 40 0      20 6 0      
11 40 0      20 7 0      
10 40 0      20 8 0      
9 40 0      20 9 0      
8 40 0      20 10 0      
7 40 0      20 11 0      
6 40 0      20 12 0      
5 40 0      19 12 0      
4 40 0      18 12 0      
3 40 0      17 12 0      
2 40 0      17 11 0      
1 40 0      17 10 0      
50 40 0      17 9 0      
49 40 0      17 8 0      
48 40 0      17 7 0      
47 40 0      17 6 0      
46 40 0      18 6 0      
45 40 0      19 6 0      
44 40 0      20 6 0      
43 40 0      21 6 0      
42 40 0      22 6 0      
41 40 0      22 5 0      
40 40 0      22 4 0      
39 40 0      22 3 0      
38 40 0      22 52 0      
37 40 0      22 51 0      
36 40 0      22 50 0      
35 40 0      23 50 0      
34 40 0      24 50 0      
33 40 0      24 51 0      
32 40 0      24 52 0      
31 40 0      24 3 0      
30 40 0      24 4 0      
29 40 0      24 5 0      
28 40 0      24 6 0      
27 40 0      24 7 0      
26 40 0      24 8 0      
25 40 0      24 9 0      
24 40 0      24 10 0      
23 40 0      24 11 0      
22 40 0      24 12 0      
21 40 0      24 13 0      
20 40 0      24 14 0      
19 40 0      24 15 0      
18 40 0      24 16 0      
17 40 0      24 17 0      
16 40 0      24 18 0      
15 40 0      24 19 0      
14 40 0      24 20 0      
13 40 0      24 21 0      
12 40 0      24 22 0      
11 40 0      24 23 0      
10 40 0      24 24 0      
9 40 0      24 25 0      
8 40 0      24 26 0      
7 40 0      25 26 0      
6 40 0      26 26 0      
5 40 0      27 26 0      
4 40 0      28 26 0      
3 40 0      28 25 0      
2 40 0      28 24 0      
1 40 0      28 23 0      
50 40 0      28 22 0      
49 40 0      28 21 0      
48 40 0      28 20 0      
47 40 0      28 19 0      
46 40 0      28 18 0      
45 40 0      28 17 0      
44 40 0      28 16 0      
43 40 0      29 16 0      
42 40 0       29 16 1      
42 40 0      30 16 0      
41 40 0       30 16 1      
41 40 0      31 16 0      
40 40 0      31 17 0      
39 40 0      31 18 0      
38 40 0      31 19 0      
37 40 0      31 20 0      
36 40 0      31 21 0      
35 40 0      31 22 0      
34 40 0      31 23 0      
33 40 0      31 24 0      
32 40 0      31 25 0      
31 40 0      31 26 0      
30 40 0      31 27 0      
29 40 0       31 27 1      
29 40 0      31 28 0      
28 40 0      31 29 0      
27 40 0      31 30 0      
26 40 0      31 31 0      
25 40 0      31 32 0      
24 40 0      31 33 0      
23 40 0      30 33 0      
22 40 0      29 33 0      
21 40 0      28 33 0      
20 40 0      27 33 0      
19 40 0      26 33 0      
18 40 0      26 34 0      
17 40 0      27 34 0      
16 40 0      28 34 0      
15 40 0      29 34 0      
14 40 0      30 34 0      
13 40 0      31 34 0      
12 40 0      32 34 0      
11 40 0      32 33 0      
10 40 0      32 32 0      
9 40 0      31 32 0      
8 40 0      30 32 0      
7 40 0      29 32 0      
6 40 0      29 33 0      
5 40 0      29 34 0      
4 40 0      30 34 0      
3 40 0      31 34 0      
2 40 0      32 34 0      
1 40 0      33 34 0      
50 40 0      34 34 0      
49 40 0      35 34 0      
48 40 0      36 34 0      
47 40 0      37 34 0      
46 40 0      38 34 0      
45 40 0      39 34 0      
44 40 0       39 34 1      
44 40 0      40 34 0      
43 40 0      41 34 0      
42 40 0      42 34 0      
41 40 0      43 34 0      
40 40 0      44 34 0      
39 40 0      45 34 0      
38 40 0      46 34 0      
37 40 0      47 34 0      
36 40 0      48 34 0      
35 40 0      48 35 0      
34 40 0      48 36 0      
33 40 0      48 37 0      
32 40 0      48 38 0      
31 40 0      48 39 0      
30 40 0      48 40 0      
29 40 0      48 41 0      
28 40 0      48 42 0      
27 40 0      48 43 0      
26 40 0      48 44 0      
25 40 0      48 45 0      
24 40 0      48 46 0      
23 40 0      48 47 0      
22 40 0      47 47 0      
21 40 0      46 47 0      
20 40 0      45 47 0      
19 40 0      44 47 0      
18 40 0      43 47 0      
17 40 0      42 47 0      
16 40 0      42 48 0      
15 40 0      42 49 0      
14 40 0      42 50 0      
13 40 0      42 51 0      
12 40 0      42 52 0      
11 40 0      43 2 0      
10 40 0      44 2 0      
9 40 0      45 2 0      
8 40 0      46 2 0      
7 40 0      47 2 0      
6 40 0      48 2 0      
5 40 0      49 2 0      
4 40 0      0 2 0      
3 40 0      1 2 0      
2 40 0      2 2 0      
1 40 0      3 2 0      
50 40 0      3 1 0      
49 40 0      2 53 0      
48 40 0      2 54 0      
47 40 0      3 2 0      
46 40 0      4 2 0      
45 40 0      5 2 0      
44 40 0      6 2 0      
43 40 0      7 2 0      
42 40 0      8 2 0      
41 40 0      9 2 0      
40 40 0      9 1 0      
39 40 0      9 52 0      
38 40 0      9 51 0      
37 40 0      9 50 0      
36 40 0      8 50 0      
35 40 0      7 50 0      
34 40 0      6 50 0      
33 40 0      5 50 0      
32 40 0      4 50 0      
31 40 0      3 50 0      
30 40 0      2 50 0      
29 40 0      2 49 0      
28 40 0      2 48 0      
27 40 0      2 47 0      
26 40 0      2 46 0      
25 40 0      2 45 0      
24 40 0      2 44 0      
23 40 0      2 43 0      
22 40 0      3 43 0      
21 40 0      3 44 0      
20 40 0      3 45 0      
19 40 0      3 46 0      
18 40 0      3 47 0      
17 40 0      3 48 0      
16 40 0      3 49 0      
15 40 0      3 50 0      
14 40 0      3 51 0      
13 40 0      3 52 0      
12 40 0      3 3 0      
11 40 0      3 4 0      
10 40 0      3 5 0      
9 40 0      3 6 0      
8 40 0      3 7 0      
7 40 0      3 8 0      
6 40 0      3 9 0      
5 40 0      3 10 0      
4 40 0      4 10 0      
3 40 0      5 10 0      
2 40 0      6 10 0      
1 40 0      7 10 0      
50 40 0      8 10 0      
49 40 0      9 10 0      
48 40 0      10 10 0      
47 40 0      11 10 0      
46 40 0      12 10 0      
45 40 0      13 10 0      
44 40 0      14 10 0      
43 40 0      15 10 0      
42 40 0      16 10 0      
41 40 0      16 11 0      
40 40 0      16 12 0      
39 40 0      16 13 0      
38 40 0      16 14 0      
37 40 0      16 15 0      
36 40 0      16 16 0      
35 40 0      16 17 0      
34 40 0      16 18 0      
33 40 0      16 19 0      
32 40 0      16 20 0      
31 40 0      16 21 0      
30 40 0      16 22 0      
29 40 0      16 23 0      
28 40 0      16 24 0      
27 40 0      16 25 0      
26 40 0      16 26 0      
25 40 0      16 27 0      
24 40 0      16 28 0      
23 40 0      16 29 0      
22 40 0      16 30 0      
21 40 0      17 30 0      
20 40 0      18 30 0      
19 40 0      19 30 0      
18 40 0      20 30 0      
17 40 0      21 30 0      
16 40 0      22 30 0      
15 40 0      23 30 0      
14 40 0      23 31 0      
13 40 0      23 32 0      
12 40 0      24 32 0      
11 40 0      25 32 0      
10 40 0      26 32 0      
9 40 0      27 32 0      
8 40 0      28 32 0      
7 40 0      28 33 0      
6 40 0      28 34 0      
5 40 0      28 35 0      
4 40 0      28 36 0      
3 40 0      28 37 0      
2 40 0      28 38 0      
1 40 0      28 39 0      
50 40 0      28 40 0      
49 40 0      28 41 0      
48 40 0      28 42 0      
47 40 0      28 43 0      
46 40 0      28 44 0      
45 40 0      28 45 0      
44 40 0      28 46 0      
43 40 0      28 47 0      
42 40 0      27 47 0      
41 40 0      26 47 0      
40 40 0      25 47 0      
39 40 0      24 47 0      
38 40 0      23 47 0      
37 40 0       23 47 1      
37 40 0      22 47 0      
36 40 0      21 47 0      
35 40 0      20 47 0      
34 40 0      20 46 0      
33 40 0      20 45 0      
32 40 0      19 45 0      
31 40 0      18 45 0      
30 40 0      17 45 0      
29 40 0      16 45 0      
28 40 0      15 45 0      
27 40 0      14 45 0      
26 40 0      13 45 0      
25 40 0      12 45 0      
24 40 0       12 45 1      
24 40 0      11 45 0      
23 40 0      10 45 0      
22 40 0      10 44 0      
21 40 0      10 43 0      
20 40 0      10 42 0      
19 40 0       10 42 1      
19 40 0      10 41 0      
18 40 0      10 40 0      
17 40 0      10 39 0      
16 40 0      10 38 0      
15 40 0      10 37 0      
14 40 0      10 36 0      
13 40 0      10 35 0      
12 40 0      10 34 0      
11 40 0      10 33 0      
10 40 0      10 32 0      
9 40 0      11 32 0      
8 40 0      12 32 0      
7 40 0       12 32 1      
7 40 0      13 32 0      
6 40 0      14 32 0      
5 40 0      15 32 0      
4 40 0      16 32 0      
3 40 0      17 32 0      
2 40 0      18 32 0      
1 40 0      18 31 0      
50 40 0      18 30 0      
49 40 0      18 29 0      
48 40 0      18 28 0      
47 40 0      18 27 0      
46 40 0      19 27 0      
45 40 0      20 27 0      
44 40 0      21 27 0      
43 40 0      22 27 0      
42 40 0      23 27 0      
41 40 0      23 28 0      
40 40 0      23 29 0      
39 40 0      23 30 0      
38 40 0      23 31 0      
37 40 0      23 32 0      
36 40 0      23 33 0      
35 40 0      23 34 0      
34 40 0      23 35 0      
33 40 0      23 36 0      
32 40 0      23 37 0      
31 40 0      23 38 0      
30 40 0      23 39 0      
29 40 0      23 40 0      
28 40 0      23 41 0      
27 40 0      23 42 0      
26 40 0      23 43 0      
25 40 0      23 44 0      
24 40 0      23 45 0      
23 40 0      23 46 0      
22 40 0      23 47 0      
21 40 0      23 48 0      
20 40 0      23 49 0      
19 40 0       23 49 1      
19 40 0      23 50 0      
18 40 0      23 51 0      
17 40 0      22 51 0      
16 40 0      21 51 0      
15 40 0      20 51 0      
14 40 0      19 51 0      
13 40 0      18 51 0      
12 40 0       18 51 1      
12 40 0      17 51 0      
11 40 0      16 51 0      
10 40 0      16 52 0      
9 40 0      16 3 0      
8 40 0      16 4 0      
7 40 0      16 5 0      
6 40 0      16 6 0      
5 40 0      16 7 0      
4 40 0      16 8 0      
3 40 0      16 9 0      
2 40 0      16 10 0      
1 40 0      16 11 0      
50 40 0      16 12 0      
49 40 0      16 13 0      
48 40 0      15 13 0      
47 40 0      14 13 0      
46 40 0      13 13 0      
45 40 0      12 13 0      
44 40 0      12 14 0      
43 40 0      12 15 0      
42 40 0      12 16 0      
41 40 0      12 17 0      
40 40 0      12 18 0      
39 40 0      12 19 0      
38 40 0      12 20 0      
37 40 0      12 21 0      
36 40 0      12 22 0      
35 40 0      12 23 0      
34 40 0      12 24 0      
33 40 0      12 25 0      
32 40 0      12 26 0      
31 40 0      13 26 0      
30 40 0      14 26 0      
29 40 0      15 26 0      
28 40 0      16 26 0      
27 40 0      17 26 0      
26 40 0      18 26 0      
25 40 0      19 26 0      
24 40 0      20 26 0      
23 40 0      21 26 0      
22 40 0      22 26 0      
21 40 0      22 27 0      
20 40 0      22 28 0      
19 40 0      22 29 0      
18 40 0      21 29 0      
17 40 0      21 28 0      
16 40 0      21 27 0      
15 40 0      21 26 0      
14 40 0      21 25 0      
13 40 0      21 24 0      
12 40 0      21 23 0      
11 40 0      21 22 0      
10 40 0      21 21 0      
9 40 0      21 20 0      
8 40 0      21 19 0      
7 40 0      21 18 0      
6 40 0      21 17 0      
5 40 0      21 16 0      
4 40 0      21 15 0      
3 40 0      21 14 0      
2 40 0      22 14 0      
1 40 0      23 14 0      
50 40 0      24 14 0      
49 40 0      25 14 0      
48 40 0      26 14 0      
47 40 0      27 14 0      
46 40 0       27 14 1      
46 40 0      28 14 0      
45 40 0      29 14 0      
44 40 0      29 15 0      
43 40 0      29 16 0      
42 40 0      30 16 0      
41 40 0      31 16 0      
40 40 0      32 16 0      
39 40 0      33 16 0      
38 40 0      34 16 0      
37 40 0      35 16 0      
36 40 0      36 16 0      
35 40 0      37 16 0      
34 40 0      38 16 0      
33 40 0      39 16 0      
32 40 0      40 16 0      
31 40 0      41 16 0      
30 40 0      42 16 0      
29 40 0      42 17 0      
28 40 0      42 18 0      
27 40 0      41 18 0      
26 40 0      40 18 0      
25 40 0      40 17 0      
24 40 0      40 16 0      
23 40 0      40 15 0      
22 40 0      40 14 0      
21 40 0      40 13 0      
20 40 0      40 12 0      
19 40 0      40 11 0      
18 40 0      40 10 0      
17 40 0      40 9 0      
16 40 0      40 8 0      
15 40 0      41 8 0      
14 40 0      42 8 0      
13 40 0      43 8 0      
12 40 0      44 8 0      
11 40 0      45 8 0      
10 40 0      45 9 0      
9 40 0      45 10 0      
8 40 0      45 11 0      
7 40 0      45 12 0      
6 40 0      46 12 0      
5 40 0      47 12 0      
4 40 0      48 12 0      
3 40 0      49 12 0      
2 40 0      0 12 0      
1 40 0      1 12 0      
50 40 0      2 12 0      
49 40 0      2 11 0      
48 40 0      1 11 0      
47 40 0      0 11 0      
46 40 0      49 11 0      
45 40 0      48 11 0      
44 40 0      47 11 0      
43 40 0      46 11 0      
42 40 0      45 11 0      
