10 40 0      40 20 0      
9 40 0      40 21 0      
8 40 0       40 21 1      
8 40 0      40 22 0      
7 40 0      40 23 0      
6 40 0      40 24 0      
5 40 0      40 25 0      
4 40 0      40 26 0      
3 40 0      40 27 0      
2 40 0      40 28 0      
1 40 0      40 29 0      
50 40 0      39 29 0      
49 40 0      38 29 0      
48 40 0      37 29 0      
47 40 0      36 29 0      
46 40 0      35 29 0      
45 40 0      34 29 0      
44 40 0      33 29 0      
43 40 0      32 29 0      
42 40 0       32 29 1      
42 40 0      32 30 0      
41 40 0      32 31 0      
40 40 0      32 32 0      
39 40 0      32 33 0      
38 40 0      32 34 0      
37 40 0      32 35 0      
36 40 0      32 36 0      
35 40 0      32 37 0      
34 40 0      32 38 0      
33 40 0      31 38 0      
32 40 0      30 38 0      
31 40 0      29 38 0      
30 40 0      28 38 0      
29 40 1      29 40 1      27 38 0      
28 40 0      27 39 0      
27 40 0      27 40 0      
26 40 0      27 41 0      
25 40 0      27 42 0      
24 40 0      26 42 0      
23 40 0      25 42 0      
22 40 0      24 42 0      
21 40 0      23 42 0      
20 40 0      22 42 0      
19 40 0      21 42 0      
18 40 0      20 42 0      
17 40 0      19 42 0      
16 40 0      18 42 0      
15 40 0      17 42 0      
14 40 0      16 42 0      
13 40 0      15 42 0      
12 40 0      14 42 0      
11 40 0      13 42 0      
10 40 0      12 42 0      
9 40 0      11 42 0      
8 40 0      10 42 0      
7 40 0      9 42 0      
6 40 0      9 41 0      
5 40 0      9 40 0      
4 40 0      9 39 0      
3 40 0      9 38 0      
2 40 0      9 37 0      
1 40 0      9 36 0      
50 40 0      9 35 0      
49 40 0      9 34 0      
48 40 0      9 33 0      
47 40 0      9 32 0      
46 40 0      9 31 0      
45 40 0      9 30 0      
44 40 0      9 29 0      
43 40 0      9 28 0      
42 40 0      9 27 0      
41 40 0      9 26 0      
40 40 0      9 25 0      
39 40 0      9 24 0      
38 40 0      9 23 0      
37 40 0      9 22 0      
36 40 0      8 22 0      
35 40 0      7 22 0      
34 40 0      7 23 0      
33 40 0      7 24 0      
32 40 0      7 25 0      
31 40 0      7 26 0      
30 40 0      7 27 0      
29 40 0      7 28 0      
28 40 0      7 29 0      
27 40 0      8 29 0      
26 40 0      9 29 0      
25 40 0      10 29 0      
24 40 0       10 29 1      
24 40 0      11 29 0      
23 40 0      12 29 0      
22 40 0      13 29 0      
21 40 0      14 29 0      
20 40 0      15 29 0      
19 40 0      16 29 0      
18 40 0      17 29 0      
17 40 0      18 29 0      
16 40 0      19 29 0      
15 40 0      20 29 0      
14 40 0      21 29 0      
13 40 0      22 29 0      
12 40 0      23 29 0      
11 40 0      24 29 0      
10 40 0      25 29 0      
9 40 0      26 29 0      
8 40 0      27 29 0      
7 40 0      28 29 0      
6 40 0      29 29 0      
5 40 0      30 29 0      
4 40 0      31 29 0      
3 40 0      32 29 0      
2 40 0      33 29 0      
1 40 0      34 29 0      
50 40 0      35 29 0      
49 40 0      36 29 0      
48 40 0      37 29 0      
47 40 0      38 29 0      
46 40 0      39 29 0      
45 40 0      39 30 0      
44 40 0      39 31 0      
43 40 0      38 31 0      
42 40 0      38 30 0      
41 40 0      38 29 0      
40 40 0      38 28 0      
39 40 0      38 27 0      
38 40 0      38 26 0      
37 40 0      38 25 0      
36 40 0      38 24 0      
35 40 0      38 23 0      
34 40 0      38 22 0      
33 40 0      37 22 0      
32 40 0      36 22 0      
31 40 0      36 21 0      
30 40 0      36 20 0      
29 40 0      36 19 0      
28 40 0      36 18 0      
27 40 0      36 17 0      
26 40 0      36 16 0      
25 40 0       36 16 1      
25 40 0      36 15 0      
24 40 0      36 14 0      
23 40 0      36 13 0      
22 40 0      36 12 0      
21 40 0      36 11 0      
20 40 0      36 10 0      
19 40 0      36 9 0      
18 40 0      36 8 0      
17 40 0      37 8 0      
16 40 0      38 8 0      
15 40 0      39 8 0      
14 40 0      40 8 0      
13 40 0      41 8 0      
12 40 0      42 8 0      
11 40 0      43 8 0      
10 40 0      44 8 0      
9 40 0      45 8 0      
8 40 0      46 8 0      
7 40 0      47 8 0      
6 40 0      48 8 0      
5 40 0      49 8 0      
4 40 0      0 8 0      
3 40 0      1 8 0      
2 40 0      2 8 0      
1 40 0      3 8 0      
50 40 0      4 8 0      
49 40 0      5 8 0      
48 40 0      6 8 0      
47 40 0      7 8 0      
46 40 0      8 8 0      
45 40 0      9 8 0      
44 40 0      10 8 0      
43 40 0      11 8 0      
42 40 0      12 8 0      
41 40 0      13 8 0      
40 40 0      14 8 0      
39 40 0      15 8 0      
38 40 0      15 9 0      
37 40 0      15 10 0      
36 40 0      15 11 0      
35 40 0      15 12 0      
34 40 0      15 13 0      
33 40 0      15 14 0      
32 40 0      15 15 0      
31 40 0      14 15 0      
30 40 0      13 15 0      
29 40 0      12 15 0      
28 40 0      11 15 0      
27 40 0       11 15 1      
27 40 0      10 15 0      
26 40 0      9 15 0      
25 40 0      9 14 0      
24 40 0      9 13 0      
23 40 0      9 12 0      
22 40 0      9 11 0      
21 40 0      9 10 0      
20 40 0      9 9 0      
19 40 0      9 8 0      
18 40 0      9 7 0      
17 40 0      9 6 0      
16 40 0      9 5 0      
15 40 0      9 4 0      
14 40 0      9 3 0      
13 40 0      9 52 0      
12 40 0      8 52 0      
11 40 0      7 52 0      
10 40 0      6 52 0      
9 40 0       6 52 1      
9 40 0      6 53 0      
8 40 0      6 3 0      
7 40 0      6 4 0      
6 40 0      6 5 0      
5 40 0      6 6 0      
4 40 0      6 7 0      
3 40 0      6 8 0      
2 40 0      6 9 0      
1 40 0      6 10 0      
50 40 0      6 11 0      
49 40 0      6 12 0      
48 40 0      7 12 0      
47 40 0      8 12 0      
46 40 0      9 12 0      
45 40 0      10 12 0      
44 40 0      11 12 0      
43 40 0      12 12 0      
42 40 0      13 12 0      
41 40 0      14 12 0      
40 40 0       14 12 1      
40 40 0      15 12 0      
39 40 0      15 13 0      
38 40 0      15 14 0      
37 40 0      15 15 0      
36 40 0      15 16 0      
35 40 0      15 17 0      
34 40 0      15 18 0      
33 40 0      15 19 0      
32 40 0      15 20 0      
31 40 0      14 20 0      
30 40 0      13 20 0      
29 40 0      13 19 0      
28 40 0      13 18 0      
27 40 0      13 17 0      
26 40 0      12 17 0      
25 40 0      11 17 0      
24 40 0      11 18 0      
23 40 0      11 19 0      
22 40 0      11 20 0      
21 40 0      11 21 0      
20 40 0      11 22 0      
19 40 0      12 22 0      
18 40 0      13 22 0      
17 40 0      14 22 0      
16 40 0      15 22 0      
15 40 0      16 22 0      
14 40 0      17 22 0      
13 40 0      18 22 0      
12 40 0      19 22 0      
11 40 0      20 22 0      
10 40 0      21 22 0      
9 40 0      22 22 0      
8 40 0      23 22 0      
7 40 0      24 22 0      
6 40 0      25 22 0      
5 40 0      26 22 0      
4 40 0      27 22 0      
3 40 0      28 22 0      
2 40 0      29 22 0      
1 40 0      30 22 0      
50 40 0      31 22 0      
49 40 0      32 22 0      
48 40 0      33 22 0      
47 40 0      34 22 0      
46 40 0      35 22 0      
45 40 0      36 22 0      
44 40 0      37 22 0      
43 40 0      38 22 0      
42 40 0      39 22 0      
41 40 0      40 22 0      
40 40 0      41 22 0      
39 40 0      42 22 0      
38 40 0      43 22 0      
37 40 0      44 22 0      
36 40 0      45 22 0      
35 40 0      46 22 0      
34 40 0      47 22 0      
33 40 0      47 23 0      
32 40 0      47 24 0      
31 40 0      47 25 0      
30 40 0      47 26 0      
29 40 0      47 27 0      
28 40 0      47 28 0      
27 40 0      47 29 0      
26 40 0      47 30 0      
25 40 0      47 31 0      
24 40 0      47 32 0      
23 40 0      47 33 0      
22 40 0      47 34 0      
21 40 0      47 35 0      
20 40 0      47 36 0      
19 40 0      47 37 0      
18 40 0      47 38 0      
17 40 0      47 39 0      
16 40 0      47 40 0      
15 40 0      47 41 0      
14 40 0      48 41 0      
13 40 0      49 41 0      
12 40 0      0 41 0      
11 40 0      1 41 0      
10 40 0      2 41 0      
9 40 0       2 41 1      
9 40 0       2 41 1      
9 40 0      3 41 0      
8 40 0      4 41 0      
7 40 0      5 41 0      
6 40 0      6 41 0      
5 40 0      7 41 0      
4 40 0      8 41 0      
3 40 0      9 41 0      
2 40 0      10 41 0      
1 40 0      11 41 0      
50 40 0      12 41 0      
49 40 0      13 41 0      
48 40 0      14 41 0      
47 40 0      15 41 0      
46 40 0       15 41 1      
46 40 0      16 41 0      
45 40 0      16 40 0      
44 40 0      16 39 0      
43 40 0      16 38 0      
42 40 0      16 37 0      
41 40 0       16 37 1      
41 40 0      16 36 0      
40 40 0      16 35 0      
39 40 0      16 34 0      
38 40 0      16 33 0      
37 40 0      16 32 0      
36 40 0      16 31 0      
35 40 0      16 30 0      
34 40 0      16 29 0      
33 40 0      16 28 0      
32 40 0      16 27 0      
31 40 0      16 26 0      
30 40 0      16 25 0      
29 40 0      16 24 0      
28 40 0      16 23 0      
27 40 0      16 22 0      
26 40 0      16 21 0      
25 40 0      16 20 0      
24 40 0      16 19 0      
23 40 0      16 18 0      
22 40 0      16 17 0      
21 40 0       16 17 1      
21 40 0      16 16 0      
20 40 0      16 15 0      
19 40 0      16 14 0      
18 40 0      16 13 0      
17 40 0      16 12 0      
16 40 0      16 11 0      
15 40 0      16 10 0      
14 40 0      16 9 0      
13 40 0      17 9 0      
12 40 0      18 9 0      
11 40 0      19 9 0      
10 40 0      20 9 0      
9 40 0      21 9 0      
8 40 0      22 9 0      
7 40 0      23 9 0      
6 40 0      24 9 0      
5 40 0      25 9 0      
4 40 0      26 9 0      
3 40 0      27 9 0      
2 40 0      28 9 0      
1 40 0      29 9 0      
50 40 0      30 9 0      
49 40 0      31 9 0      
48 40 0      31 8 0      
47 40 0      31 7 0      
46 40 0      32 7 0      
45 40 0      33 7 0      
44 40 0      34 7 0      
43 40 0      35 7 0      
42 40 0      36 7 0      
41 40 0      37 7 0      
40 40 0      38 7 0      
39 40 0      39 7 0      
38 40 0      40 7 0      
37 40 0      41 7 0      
36 40 0      42 7 0      
35 40 0      43 7 0      
34 40 0      44 7 0      
33 40 0      45 7 0      
32 40 0      46 7 0      
31 40 0      47 7 0      
30 40 0      48 7 0      
29 40 0      49 7 0      
28 40 0      0 7 0      
27 40 0      1 7 0      
26 40 0      2 7 0      
25 40 0      3 7 0      
24 40 0      4 7 0      
23 40 0      5 7 0      
22 40 0      6 7 0      
21 40 0      6 8 0      
20 40 0      6 9 0      
19 40 0      6 10 0      
18 40 0      6 11 0      
17 40 0      6 12 0      
16 40 0      6 13 0      
15 40 0      6 14 0      
14 40 0      6 15 0      
13 40 0      6 16 0      
12 40 0      6 17 0      
11 40 0      6 18 0      
10 40 0      6 19 0      
9 40 0      5 19 0      
8 40 0      4 19 0      
7 40 0      3 19 0      
6 40 0      2 19 0      
5 40 0      1 19 0      
4 40 0      0 19 0      
3 40 0      49 19 0      
2 40 0      48 19 0      
1 40 0      47 19 0      
50 40 0      46 19 0      
49 40 0      45 19 0      
48 40 0      45 18 0      
47 40 0      45 17 0      
46 40 0      45 16 0      
45 40 0      45 15 0      
44 40 0      45 14 0      
43 40 0      45 13 0      
42 40 0      45 12 0      
41 40 0      45 11 0      
40 40 0      45 10 0      
39 40 0      45 9 0      
38 40 0      45 8 0      
37 40 0      46 8 0      
36 40 0      47 8 0      
35 40 0      47 9 0      
34 40 0      46 9 0      
33 40 0      45 9 0      
32 40 0      44 9 0      
31 40 0      44 10 0      
30 40 0      44 11 0      
29 40 0      44 12 0      
28 40 0      44 13 0      
27 40 0      44 14 0      
26 40 0      44 15 0      
25 40 0      44 16 0      
24 40 0      44 17 0      
23 40 0      44 18 0      
22 40 0      44 19 0      
21 40 0      44 20 0      
20 40 0      44 21 0      
19 40 0      44 22 0      
18 40 0      44 23 0      
17 40 0      44 24 0      
16 40 0      44 25 0      
15 40 0       44 25 1      
15 40 0      44 26 0      
14 40 0      44 27 0      
13 40 0      44 28 0      
12 40 0      44 29 0      
11 40 0      44 30 0      
10 40 0      44 31 0      
9 40 0      44 32 0      
8 40 0      44 33 0      
7 40 0      44 34 0      
6 40 0      44 35 0      
5 40 0      44 36 0      
4 40 0      44 37 0      
3 40 0      44 38 0      
2 40 0      44 39 0      
1 40 0      44 40 0      
50 40 0      44 41 0      
49 40 0      44 42 0      
48 40 0      44 43 0      
47 40 0      44 44 0      
46 40 0      44 45 0      
45 40 0      44 46 0      
44 40 0      45 46 0      
43 40 0      46 46 0      
42 40 0      47 46 0      
41 40 0      48 46 0      
40 40 0      49 46 0      
39 40 0      0 46 0      
38 40 0      1 46 0      
37 40 0      2 46 0      
36 40 0       2 46 1      
36 40 0      3 46 0      
35 40 0      4 46 0      
34 40 0      5 46 0      
33 40 0      5 45 0      
32 40 0      5 44 0      
31 40 0      5 43 0      
30 40 0      5 42 0      
29 40 0      5 41 0      
28 40 0      5 40 0      
27 40 0      5 39 0      
26 40 0      4 39 0      
25 40 0      3 39 0      
24 40 0      3 40 0      
23 40 0      3 41 0      
22 40 0      3 42 0      
21 40 0      3 43 0      
20 40 0      3 44 0      
19 40 0      3 45 0      
18 40 0      3 46 0      
17 40 0      3 47 0      
16 40 0      3 48 0      
15 40 0      3 49 0      
14 40 0      3 50 0      
13 40 0      3 51 0      
12 40 0      3 52 0      
11 40 0      3 3 0      
10 40 0      3 4 0      
9 40 0      3 5 0      
8 40 0      3 6 0      
7 40 0      3 7 0      
6 40 0      3 8 0      
5 40 0      3 9 0      
4 40 0      3 10 0      
3 40 0      4 10 0      
2 40 0      5 10 0      
1 40 0      6 10 0      
50 40 0      7 10 0      
49 40 0      8 10 0      
48 40 0      9 10 0      
47 40 0      10 10 0      
46 40 0      11 10 0      
45 40 0      12 10 0      
44 40 0      13 10 0      
43 40 0      14 10 0      
42 40 0      15 10 0      
41 40 0      16 10 0      
40 40 0      17 10 0      
39 40 0      18 10 0      
38 40 0      19 10 0      
37 40 0      20 10 0      
36 40 0      21 10 0      
35 40 0      22 10 0      
34 40 0      23 10 0      
33 40 0      24 10 0      
32 40 0      25 10 0      
31 40 0      26 10 0      
30 40 0      27 10 0      
29 40 0      28 10 0      
28 40 0      29 10 0      
27 40 0      29 11 0      
26 40 0      29 12 0      
25 40 0      30 12 0      
24 40 0      31 12 0      
23 40 0      32 12 0      
22 40 0      33 12 0      
21 40 0      34 12 0      
20 40 0      35 12 0      
19 40 0      36 12 0      
18 40 0      37 12 0      
17 40 0      38 12 0      
16 40 0      39 12 0      
15 40 0      40 12 0      
14 40 0      41 12 0      
13 40 0      42 12 0      
12 40 0      43 12 0      
11 40 0      44 12 0      
10 40 0      45 12 0      
9 40 0      46 12 0      
8 40 0      47 12 0      
7 40 0      48 12 0      
6 40 0      49 12 0      
5 40 0      -1 13 0      
4 40 0      0 13 0      
3 40 0      1 13 0      
2 40 0      2 13 0      
1 40 0      3 13 0      
0 40 0       3 13 1      
50 40 0      4 13 0      
49 40 0      5 13 0      
48 40 0      6 13 0      
47 40 0      7 13 0      
46 40 0      7 14 0      
45 40 0      7 15 0      
44 40 0      7 16 0      
43 40 0      7 17 0      
42 40 0      7 18 0      
41 40 0      7 19 0      
40 40 0      7 20 0      
39 40 0      8 20 0      
38 40 0      9 20 0      
37 40 0       9 20 1      
37 40 0      10 20 0      
36 40 0      11 20 0      
35 40 0      12 20 0      
34 40 0      13 20 0      
33 40 0      14 20 0      
32 40 0      14 19 0      
31 40 0      14 18 0      
30 40 0      14 17 0      
29 40 0      14 16 0      
28 40 0      14 15 0      
27 40 0      14 14 0      
26 40 0      14 13 0      
25 40 0      14 12 0      
24 40 0      14 11 0      
23 40 0      14 10 0      
22 40 0      14 9 0      
21 40 0      14 8 0      
20 40 0      14 7 0      
19 40 0      14 6 0      
18 40 0      14 5 0      
17 40 0      14 4 0      
16 40 0      15 4 0      
15 40 0      16 4 0      
14 40 0      17 4 0      
13 40 0      18 4 0      
12 40 0      19 4 0      
11 40 0      20 4 0      
10 40 0      21 4 0      
9 40 0       21 4 1      
9 40 0      21 3 0      
8 40 0      21 52 0      
7 40 0      21 51 0      
6 40 0      21 50 0      
5 40 0      21 49 0      
4 40 0      21 48 0      
3 40 0      21 47 0      
2 40 0      21 46 0      
1 40 0      21 45 0      
50 40 0      21 44 0      
49 40 0      21 43 0      
48 40 0      21 42 0      
47 40 0      21 41 0      
46 40 0      21 40 0      
45 40 0      21 39 0      
44 40 0      21 38 0      
43 40 0      21 37 0      
42 40 0      21 36 0      
41 40 0      21 35 0      
40 40 0      21 34 0      
39 40 0      22 34 0      
38 40 0      23 34 0      
37 40 0      23 35 0      
36 40 0      23 36 0      
35 40 0      23 37 0      
34 40 0      23 38 0      
33 40 0      23 39 0      
32 40 0      23 40 0      
31 40 0      23 41 0      
30 40 0      23 42 0      
29 40 0      23 43 0      
28 40 0      23 44 0      
27 40 0      23 45 0      
26 40 0      23 46 0      
25 40 0      22 46 0      
24 40 0      21 46 0      
23 40 0      20 46 0      
22 40 0      19 46 0      
21 40 0      18 46 0      
20 40 0      17 46 0      
19 40 0      16 46 0      
18 40 0      15 46 0      
17 40 0      14 46 0      
16 40 0      13 46 0      
15 40 0      12 46 0      
14 40 0      11 46 0      
13 40 0      10 46 0      
12 40 0      9 46 0      
11 40 0      8 46 0      
10 40 0      7 46 0      
9 40 0      7 45 0      
8 40 0       7 45 1      
8 40 0      7 44 0      
7 40 0      7 43 0      
6 40 0      7 42 0      
5 40 0      8 42 0      
4 40 0      9 42 0      
3 40 0      10 42 0      
2 40 0      11 42 0      
1 40 0      12 42 0      
50 40 0      13 42 0      
49 40 0      14 42 0      
48 40 0      15 42 0      
47 40 0      16 42 0      
46 40 0      17 42 0      
45 40 0      18 42 0      
44 40 0      19 42 0      
43 40 0      20 42 0      
42 40 0      21 42 0      
41 40 0      22 42 0      
40 40 0      23 42 0      
39 40 0      24 42 0      
38 40 0      25 42 0      
37 40 0      26 42 0      
36 40 0      27 42 0      
35 40 0      28 42 0      
34 40 0      29 42 0      
33 40 0      30 42 0      
32 40 0      31 42 0      
31 40 0      32 42 0      
30 40 0      33 42 0      
29 40 0      34 42 0      
28 40 0      35 42 0      
27 40 0      36 42 0      
26 40 0      37 42 0      
25 40 0      37 43 0      
24 40 0      37 44 0      
23 40 0      36 44 0      
22 40 0      35 44 0      
21 40 0      34 44 0      
20 40 0      33 44 0      
19 40 0      32 44 0      
18 40 0      31 44 0      
17 40 0      30 44 0      
16 40 0      29 44 0      
15 40 0      28 44 0      
14 40 0      27 44 0      
13 40 0      26 44 0      
12 40 0      25 44 0      
11 40 0       25 44 1      
11 40 0      24 44 0      
10 40 0      23 44 0      
9 40 0      22 44 0      
8 40 0      21 44 0      
7 40 0      20 44 0      
6 40 0      19 44 0      
5 40 0      18 44 0      
4 40 0      17 44 0      
3 40 0      16 44 0      
2 40 0      15 44 0      
1 40 0      14 44 0      
50 40 0      13 44 0      
49 40 0      12 44 0      
48 40 0      11 44 0      
47 40 0      11 43 0      
46 40 0      11 42 0      
45 40 0      11 41 0      
44 40 0      11 40 0      
43 40 0      11 39 0      
42 40 0      11 38 0      
41 40 0      11 37 0      
40 40 0       11 37 1      
40 40 0      11 36 0      
39 40 0      11 35 0      
38 40 0      11 34 0      
37 40 0      11 33 0      
36 40 0      11 32 0      
35 40 0      11 31 0      
34 40 0      11 30 0      
33 40 0      11 29 0      
32 40 0      11 28 0      
31 40 0      11 27 0      
30 40 0      11 26 0      
29 40 0      11 25 0      
28 40 0      11 24 0      
27 40 0      11 23 0      
26 40 0      11 22 0      
25 40 0      11 21 0      
24 40 0      11 20 0      
23 40 0      11 19 0      
22 40 0      11 18 0      
21 40 0      11 17 0      
20 40 0      11 16 0      
19 40 0      11 15 0      
18 40 0      11 14 0      
17 40 0      11 13 0      
16 40 0      11 12 0      
15 40 0      11 11 0      
14 40 0      11 10 0      
13 40 0      11 9 0      
12 40 0      11 8 0      
11 40 0      11 7 0      
10 40 0      11 6 0      
9 40 0      11 5 0      
8 40 0      11 4 0      
7 40 0      11 3 0      
6 40 0      11 52 0      
5 40 0      11 51 0      
4 40 0      11 50 0      
3 40 0      11 49 0      
2 40 0      10 49 0      
1 40 0      9 49 0      
50 40 0      8 49 0      
49 40 0      7 49 0      
48 40 0      6 49 0      
47 40 0      5 49 0      
46 40 0      5 48 0      
45 40 0      5 47 0      
44 40 0      5 46 0      
43 40 0      5 45 0      
42 40 0      5 44 0      
41 40 0      5 43 0      
40 40 0      5 42 0      
39 40 0      5 41 0      
38 40 0      5 40 0      
37 40 0      5 39 0      
36 40 0      6 39 0      
35 40 0      6 38 0      
34 40 0      6 37 0      
33 40 0      6 36 0      
32 40 0      6 35 0      
31 40 0      6 34 0      
30 40 0      6 33 0      
29 40 0      6 32 0      
28 40 0      6 31 0      
27 40 0      5 31 0      
26 40 0      4 31 0      
25 40 0      3 31 0      
24 40 0      2 31 0      
23 40 0      2 32 0      
22 40 0      2 33 0      
21 40 0      2 34 0      
20 40 0      2 35 0      
19 40 0      2 36 0      
18 40 0      3 36 0      
17 40 0      3 37 0      
16 40 0      3 38 0      
15 40 0      3 39 0      
14 40 0      3 40 0      
13 40 0      3 41 0      
12 40 0      3 42 0      
11 40 0      3 43 0      
10 40 0      3 44 0      
9 40 0      4 44 0      
8 40 0      5 44 0      
7 40 0      6 44 0      
6 40 0      7 44 0      
5 40 0      8 44 0      
4 40 0      9 44 0      
3 40 0      10 44 0      
2 40 0       10 44 1      
2 40 0      11 44 0      
1 40 0      12 44 0      
50 40 0      13 44 0      
49 40 0      14 44 0      
48 40 0      15 44 0      
47 40 0      16 44 0      
46 40 0      17 44 0      
45 40 0      18 44 0      
44 40 0      19 44 0      
43 40 0      19 43 0      
42 40 0      19 42 0      
41 40 0      19 41 0      
40 40 0      19 40 0      
39 40 0      19 39 0      
38 40 0      19 38 0      
37 40 0      19 37 0      
36 40 0      19 36 0      
35 40 0      19 35 0      
34 40 0      19 34 0      
33 40 0      19 33 0      
32 40 0      19 32 0      
31 40 0      19 31 0      
30 40 0      19 30 0      
29 40 0      19 29 0      
28 40 0      19 28 0      
27 40 0      19 27 0      
26 40 0      19 26 0      
25 40 0      19 25 0      
24 40 0      19 24 0      
23 40 0      19 23 0      
22 40 0      19 22 0      
21 40 0      19 21 0      
20 40 0      19 20 0      
19 40 0      19 19 0      
18 40 0      19 18 0      
17 40 0      19 17 0      
16 40 0      19 16 0      
15 40 0       19 16 1      
15 40 0      19 15 0      
14 40 0      19 14 0      
13 40 0      19 13 0      
12 40 0      19 12 0      
11 40 0      19 11 0      
10 40 0      19 10 0      
9 40 0      19 9 0      
8 40 0      19 8 0      
7 40 0      19 7 0      
6 40 0      19 6 0      
5 40 0      19 5 0      
4 40 0      19 4 0      
3 40 0      19 3 0      
2 40 0      19 52 0      
1 40 0      19 51 0      
50 40 0      19 50 0      
49 40 0      19 49 0      
48 40 0      19 48 0      
47 40 0      19 47 0      
46 40 0      19 46 0      
45 40 0      19 45 0      
44 40 0      19 44 0      
43 40 0      19 43 0      
42 40 0      19 42 0      
41 40 0      19 41 0      
40 40 0      19 40 0      
39 40 0      18 40 0      
38 40 0      17 40 0      
37 40 0      16 40 0      
36 40 0      15 40 0      
35 40 0      14 40 0      
34 40 0      13 40 0      
33 40 0      13 41 0      
32 40 0      13 42 0      
31 40 0      13 43 0      
30 40 0      13 44 0      
29 40 0      14 44 0      
28 40 0      15 44 0      
27 40 0      16 44 0      
26 40 0      17 44 0      
25 40 0      18 44 0      
24 40 0      19 44 0      
23 40 0      20 44 0      
22 40 0      21 44 0      
21 40 0      22 44 0      
20 40 0      23 44 0      
19 40 0      24 44 0      
18 40 0      25 44 0      
17 40 0      26 44 0      
16 40 0      27 44 0      
15 40 0      28 44 0      
14 40 0      29 44 0      
13 40 0      30 44 0      
12 40 0      31 44 0      
11 40 0      32 44 0      
10 40 0      33 44 0      
9 40 0      34 44 0      
8 40 0      35 44 0      
7 40 0      36 44 0      
6 40 0      37 44 0      
5 40 0      38 44 0      
4 40 0      39 44 0      
3 40 0      39 43 0      
2 40 0      39 42 0      
1 40 0      40 42 0      
50 40 0      41 42 0      
49 40 0      42 42 0      
48 40 0      43 42 0      
47 40 0      44 42 0      
46 40 0      45 42 0      
45 40 0      46 42 0      
44 40 0      47 42 0      
43 40 0      47 41 0      
42 40 0      47 40 0      
41 40 0      47 39 0      
40 40 0      47 38 0      
39 40 0      47 37 0      
38 40 0      47 36 0      
37 40 0      47 35 0      
36 40 0      47 34 0      
35 40 0      47 33 0      
34 40 0      47 32 0      
33 40 0      47 31 0      
32 40 0      47 30 0      
31 40 0      47 29 0      
30 40 0      48 29 0      
29 40 0      49 29 0      
28 40 0      0 29 0      
27 40 0      1 29 0      
26 40 0      2 29 0      
25 40 0       2 29 1      
25 40 0      3 29 0      
24 40 0      4 29 0      
23 40 0      5 29 0      
22 40 0      6 29 0      
21 40 0      7 29 0      
20 40 0      8 29 0      
19 40 0      9 29 0      
18 40 0      10 29 0      
17 40 0      11 29 0      
16 40 0      12 29 0      
15 40 0      13 29 0      
14 40 0      14 29 0      
13 40 0      15 29 0      
12 40 0      16 29 0      
11 40 0      16 30 0      
10 40 0      16 31 0      
9 40 0      16 32 0      
8 40 0      16 33 0      
7 40 0      16 34 0      
6 40 0      17 34 0      
5 40 0      18 34 0      
4 40 0      19 34 0      
3 40 0      19 35 0      
2 40 0      19 36 0      
1 40 0      20 36 0      
50 40 0      21 36 0      
49 40 0      22 36 0      
48 40 0      23 36 0      
47 40 0      24 36 0      
46 40 0      25 36 0      
45 40 0      26 36 0      
44 40 0      27 36 0      
43 40 0      28 36 0      
42 40 0      29 36 0      
41 40 0       29 36 1      
41 40 0      29 37 0      
40 40 0      29 38 0      
39 40 0      29 39 0      
38 40 0      29 40 0      
37 40 0      29 41 0      
36 40 0      29 42 0      
35 40 0      29 43 0      
34 40 0      29 44 0      
33 40 0      29 45 0      
32 40 0      29 46 0      
31 40 0      29 47 0      
30 40 0      29 48 0      
29 40 0      29 49 0      
28 40 0      29 50 0      
27 40 0      29 51 0      
26 40 0      29 52 0      
25 40 0      28 2 0      
24 40 0      27 2 0      
23 40 0      26 2 0      
22 40 0      25 2 0      
21 40 0      24 2 0      
20 40 0      23 2 0      
19 40 0      22 2 0      
18 40 0      21 2 0      
17 40 0      20 2 0      
16 40 0      19 2 0      
15 40 0      18 2 0      
14 40 0      17 2 0      
13 40 0      16 2 0      
12 40 0      15 2 0      
11 40 0      14 2 0      
10 40 0      13 2 0      
9 40 0      12 2 0      
8 40 0      11 2 0      
7 40 0      10 2 0      
6 40 0      9 2 0      
5 40 0      8 2 0      
4 40 0      7 2 0      
3 40 0      6 2 0      
2 40 0      5 2 0      
1 40 0      4 2 0      
50 40 0      4 3 0      
49 40 0      4 4 0      
48 40 0      4 5 0      
47 40 0      4 6 0      
46 40 0      4 7 0      
45 40 0      5 7 0      
44 40 0      5 6 0      
43 40 0      6 6 0      
42 40 0      7 6 0      
41 40 0      8 6 0      
40 40 0      9 6 0      
39 40 0      10 6 0      
38 40 0      11 6 0      
37 40 0      12 6 0      
36 40 0      13 6 0      
35 40 0       13 6 1      
35 40 0      14 6 0      
34 40 0      15 6 0      
33 40 0      16 6 0      
32 40 0      17 6 0      
31 40 0      18 6 0      
30 40 0      19 6 0      
29 40 0      20 6 0      
28 40 0      21 6 0      
27 40 0      22 6 0      
26 40 0      23 6 0      
25 40 0      24 6 0      
24 40 0      24 7 0      
23 40 0      24 8 0      
22 40 0      23 8 0      
21 40 0      22 8 0      
20 40 0      21 8 0      
19 40 0      20 8 0      
18 40 0      19 8 0      
17 40 0      18 8 0      
16 40 0      17 8 0      
15 40 0      17 7 0      
14 40 0      18 7 0      
13 40 0      19 7 0      
12 40 0      19 6 0      
11 40 0      19 5 0      
10 40 0      19 4 0      
9 40 0      19 3 0      
8 40 0      19 52 0      
7 40 0      19 51 0      
6 40 0      19 50 0      
5 40 0      19 49 0      
4 40 0      19 48 0      
3 40 0      18 48 0      
2 40 0      17 48 0      
1 40 0      16 48 0      
50 40 0      15 48 0      
49 40 0      14 48 0      
48 40 0      13 48 0      
47 40 0      12 48 0      
46 40 0      11 48 0      
45 40 0      10 48 0      
44 40 0       10 48 1      
44 40 0      9 48 0      
43 40 0      8 48 0      
42 40 0      7 48 0      
41 40 0      6 48 0      
40 40 0      5 48 0      
39 40 0      4 48 0      
38 40 0      3 48 0      
37 40 0      2 48 0      
36 40 0      2 49 0      
35 40 0      2 50 0      
34 40 0      2 51 0      
33 40 0      2 52 0      
32 40 0      2 3 0      
31 40 0      2 4 0      
30 40 0       2 4 1      
30 40 0      2 5 0      
29 40 0      2 6 0      
28 40 0      2 7 0      
27 40 0      2 8 0      
26 40 0      3 8 0      
25 40 0      3 9 0      
24 40 0      3 10 0      
23 40 0      3 11 0      
22 40 0      3 12 0      
21 40 0      3 13 0      
20 40 0      3 14 0      
19 40 0      3 15 0      
18 40 0      3 16 0      
17 40 0      3 17 0      
16 40 0      3 18 0      
