10 40 0      40 20 0      
9 40 0      40 21 0      
8 40 0      40 22 0      
7 40 0      40 23 0      
6 40 0      41 23 0      
5 40 0      41 24 0      
4 40 0      41 25 0      
3 40 0      41 26 0      
2 40 0      41 27 0      
1 40 0      41 28 0      
50 40 0      41 29 0      
49 40 0       41 29 1      
49 40 0      40 29 0      
48 40 0      39 29 0      
47 40 1      38 29 0      
46 40 0      37 29 0      
45 40 0      36 29 0      
44 40 0      35 29 0      
43 40 0      34 29 0      
42 40 0      33 29 0      
41 40 0      32 29 0      
40 40 0      31 29 0      
39 40 0      30 29 0      
38 40 0      29 29 0      
37 40 0      28 29 0      
36 40 0      28 30 0      
35 40 0      28 31 0      
34 40 0      28 32 0      
33 40 0      28 33 0      
32 40 0      28 34 0      
31 40 0      28 35 0      
30 40 0      27 35 0      
29 40 0      26 35 0      
28 40 0      25 35 0      
27 40 0      24 35 0      
26 40 0      23 35 0      
25 40 0      22 35 0      
24 40 0      21 35 0      
23 40 0      20 35 0      
22 40 0      19 35 0      
21 40 0      18 35 0      
20 40 0      17 35 0      
19 40 0      16 35 0      
18 40 0      15 35 0      
17 40 0      14 35 0      
16 40 0      13 35 0      
15 40 0      12 35 0      
14 40 0      11 35 0      
13 40 0      10 35 0      
12 40 1      9 35 0      
11 40 0      8 35 0      
10 40 0      7 35 0      
9 40 0      6 35 0      
8 40 0      5 35 0      
7 40 0      5 36 0      
6 40 0      5 37 0      
5 40 0      5 38 0      
4 40 0      5 39 0      
3 40 0      5 40 0      
2 40 0      5 41 0      
1 40 0      5 42 0      
0 40 0       5 42 1      
50 40 0      5 43 0      
49 40 0      5 44 0      
48 40 0      5 45 0      
47 40 0      5 46 0      
46 40 0      5 47 0      
45 40 0      5 48 0      
44 40 0      5 49 0      
43 40 0      5 50 0      
42 40 0      5 51 0      
41 40 0      5 52 0      
40 40 0      5 3 0      
39 40 0      5 4 0      
38 40 0      5 5 0      
37 40 0      5 6 0      
36 40 0      5 7 0      
35 40 0      4 7 0      
34 40 0      3 7 0      
33 40 0      2 7 0      
32 40 0      1 7 0      
31 40 0      0 7 0      
30 40 0      49 7 0      
29 40 0      48 7 0      
28 40 0      47 7 0      
27 40 0      46 7 0      
26 40 0      45 7 0      
25 40 0      44 7 0      
24 40 0      43 7 0      
23 40 0      42 7 0      
22 40 0      41 7 0      
21 40 0      40 7 0      
20 40 0      39 7 0      
19 40 0      38 7 0      
18 40 0      37 7 0      
17 40 0      36 7 0      
16 40 0      36 6 0      
15 40 0      36 5 0      
14 40 0      36 4 0      
13 40 0      36 3 0      
12 40 0      37 53 0      
11 40 0      38 53 0      
10 40 0      38 54 0      
9 40 0      38 3 0      
8 40 0       38 3 1      
8 40 0      39 3 0      
7 40 0      40 3 0      
6 40 0      41 3 0      
5 40 0      42 3 0      
4 40 0       42 3 1      
4 40 0      43 3 0      
3 40 0      43 4 0      
2 40 0      43 5 0      
1 40 0      43 6 0      
50 40 0      43 7 0      
49 40 0      43 8 0      
48 40 0      43 9 0      
47 40 0      43 10 0      
46 40 0      43 11 0      
45 40 0      43 12 0      
44 40 0      43 13 0      
43 40 0      43 14 0      
42 40 0      43 15 0      
41 40 0      43 16 0      
40 40 0      43 17 0      
39 40 0      43 18 0      
38 40 0      44 18 0      
37 40 0      45 18 0      
36 40 0      46 18 0      
35 40 0      47 18 0      
34 40 0      48 18 0      
33 40 0      49 18 0      
32 40 0      0 18 0      
31 40 0      1 18 0      
30 40 0      1 19 0      
29 40 0      1 20 0      
28 40 0      1 21 0      
27 40 0      1 22 0      
26 40 0      1 23 0      
25 40 0      1 24 0      
24 40 0      1 25 0      
23 40 0      1 26 0      
22 40 0      1 27 0      
21 40 0      1 28 0      
20 40 0      1 29 0      
19 40 0      1 30 0      
18 40 0      1 31 0      
17 40 0      1 32 0      
16 40 0      1 33 0      
15 40 0      1 34 0      
14 40 0      1 35 0      
13 40 0      1 36 0      
12 40 0      2 36 0      
11 40 0      3 36 0      
10 40 0       3 36 1      
10 40 0      4 36 0      
9 40 0      5 36 0      
8 40 0      6 36 0      
7 40 0      7 36 0      
6 40 0      8 36 0      
5 40 0      9 36 0      
4 40 0      10 36 0      
3 40 0      11 36 0      
2 40 0      12 36 0      
1 40 0      13 36 0      
50 40 0      14 36 0      
49 40 0      15 36 0      
48 40 0      16 36 0      
47 40 0      17 36 0      
46 40 0      18 36 0      
45 40 0      19 36 0      
44 40 0      20 36 0      
43 40 0      21 36 0      
42 40 0      21 37 0      
41 40 0      21 38 0      
40 40 0      21 39 0      
39 40 0      21 40 0      
38 40 0      22 40 0      
37 40 0      23 40 0      
36 40 0      24 40 0      
35 40 0      25 40 0      
34 40 0      26 40 0      
33 40 0      27 40 0      
32 40 0      28 40 0      
31 40 0      29 40 0      
30 40 0      30 40 0      
29 40 0      31 40 0      
28 40 0      32 40 0      
27 40 0      33 40 0      
26 40 0      34 40 0      
25 40 0      35 40 0      
24 40 0      35 39 0      
23 40 0      35 38 0      
22 40 0      35 37 0      
21 40 0      35 36 0      
20 40 0      35 35 0      
19 40 0      35 34 0      
18 40 0      35 33 0      
17 40 0      35 32 0      
16 40 0      34 32 0      
15 40 0      33 32 0      
14 40 0      32 32 0      
13 40 0      31 32 0      
12 40 0      30 32 0      
11 40 0      29 32 0      
10 40 0      29 31 0      
9 40 0      30 31 0      
8 40 0      31 31 0      
7 40 0      32 31 0      
6 40 0      33 31 0      
5 40 0      34 31 0      
4 40 0      35 31 0      
3 40 0      36 31 0      
2 40 0      37 31 0      
1 40 0      38 31 0      
50 40 0      39 31 0      
49 40 0      40 31 0      
48 40 0      41 31 0      
47 40 0      42 31 0      
46 40 0      43 31 0      
45 40 0      44 31 0      
44 40 0      44 32 0      
43 40 0      44 33 0      
42 40 0      44 34 0      
41 40 0      44 35 0      
40 40 0      44 36 0      
39 40 0      44 37 0      
38 40 0      44 38 0      
37 40 0      44 39 0      
36 40 0      44 40 0      
35 40 0      45 40 0      
34 40 0      46 40 0      
33 40 0      47 40 0      
32 40 0      48 40 0      
31 40 0      48 39 0      
30 40 0      47 39 0      
29 40 0      46 39 0      
28 40 0      45 39 0      
27 40 0      44 39 0      
26 40 0      43 39 0      
25 40 0      42 39 0      
24 40 0      41 39 0      
23 40 0      40 39 0      
22 40 0      39 39 0      
21 40 0      38 39 0      
20 40 0      38 38 0      
19 40 0      38 37 0      
18 40 0      38 36 0      
17 40 0      38 35 0      
16 40 0      38 34 0      
15 40 0      38 33 0      
14 40 0      38 32 0      
13 40 0      38 31 0      
12 40 0      38 30 0      
11 40 0      38 29 0      
10 40 0      38 28 0      
9 40 0      38 27 0      
8 40 0      39 27 0      
7 40 0      40 27 0      
6 40 0      41 27 0      
5 40 0      42 27 0      
4 40 0       42 27 1      
4 40 0      43 27 0      
3 40 0      43 28 0      
2 40 0      43 29 0      
1 40 0      43 30 0      
50 40 0      42 30 0      
49 40 0      41 30 0      
48 40 0      40 30 0      
47 40 0      39 30 0      
46 40 0      38 30 0      
45 40 0      37 30 0      
44 40 0      36 30 0      
43 40 0      35 30 0      
42 40 0       35 30 1      
42 40 0      34 30 0      
41 40 0      34 31 0      
40 40 0      34 32 0      
39 40 0      34 33 0      
38 40 0      34 34 0      
37 40 0      34 35 0      
36 40 0      34 36 0      
35 40 0      34 37 0      
34 40 0      34 38 0      
33 40 0      34 39 0      
32 40 0      34 40 0      
31 40 0      34 41 0      
30 40 0      34 42 0      
29 40 0      34 43 0      
28 40 0      34 44 0      
27 40 0      34 45 0      
26 40 0      34 46 0      
25 40 0      34 47 0      
24 40 0      34 48 0      
23 40 0      34 49 0      
22 40 0      34 50 0      
21 40 0       34 50 1      
21 40 0      34 51 0      
20 40 0      34 52 0      
19 40 0      34 3 0      
18 40 0      33 3 0      
17 40 0      32 3 0      
16 40 0      31 3 0      
15 40 0      30 3 0      
14 40 0      29 3 0      
13 40 0      28 3 0      
12 40 0      27 3 0      
11 40 0      26 3 0      
10 40 0      25 3 0      
9 40 0      24 3 0      
8 40 0      23 3 0      
7 40 0      22 3 0      
6 40 0      21 3 0      
5 40 0      20 3 0      
4 40 0      19 3 0      
3 40 0      18 3 0      
2 40 0      17 3 0      
1 40 0      16 3 0      
50 40 0      15 3 0      
49 40 0      14 3 0      
48 40 0      13 3 0      
47 40 0      13 4 0      
46 40 0      13 5 0      
45 40 0      13 6 0      
44 40 0      14 6 0      
43 40 0      15 6 0      
42 40 0      16 6 0      
41 40 0      17 6 0      
40 40 0      18 6 0      
39 40 0      19 6 0      
38 40 0      20 6 0      
37 40 0      21 6 0      
36 40 0      22 6 0      
35 40 0      23 6 0      
34 40 0      24 6 0      
33 40 0      24 5 0      
32 40 0      24 4 0      
31 40 0      25 4 0      
30 40 0       25 4 1      
30 40 0      26 4 0      
29 40 0      27 4 0      
28 40 0      28 4 0      
27 40 0      29 4 0      
26 40 0      30 4 0      
25 40 0      31 4 0      
24 40 0      32 4 0      
23 40 0      33 4 0      
22 40 0      34 4 0      
21 40 0      35 4 0      
20 40 0      36 4 0      
19 40 0      37 4 0      
18 40 0      38 4 0      
17 40 0      39 4 0      
16 40 0      40 4 0      
15 40 0      41 4 0      
14 40 0      42 4 0      
13 40 0      43 4 0      
12 40 0      43 5 0      
11 40 0      43 6 0      
10 40 0      43 7 0      
9 40 0      43 8 0      
8 40 0      43 9 0      
7 40 0      43 10 0      
6 40 0      44 10 0      
5 40 0      45 10 0      
4 40 0      45 9 0      
3 40 0      45 8 0      
2 40 0      45 7 0      
1 40 0      45 6 0      
50 40 0      45 5 0      
49 40 0      45 4 0      
48 40 0      45 3 0      
47 40 0      45 52 0      
46 40 0      46 52 0      
45 40 0      47 52 0      
44 40 0      48 52 0      
43 40 0      49 52 0      
42 40 0      0 52 0      
41 40 0      1 52 0      
40 40 0      2 52 0      
39 40 0      3 52 0      
38 40 0       3 52 1      
38 40 0      4 52 0      
37 40 0      5 52 0      
36 40 0      6 52 0      
35 40 0      6 51 0      
34 40 0      6 50 0      
33 40 0      6 49 0      
32 40 0      6 48 0      
31 40 0      6 47 0      
30 40 0      6 46 0      
29 40 0      6 45 0      
28 40 0      6 44 0      
27 40 0      6 43 0      
26 40 0      5 43 0      
25 40 0      4 43 0      
24 40 0      3 43 0      
23 40 0      2 43 0      
22 40 0      2 42 0      
21 40 0      2 41 0      
20 40 0      3 41 0      
19 40 0      3 42 0      
18 40 0       3 42 1      
18 40 0      4 42 0      
17 40 0      5 42 0      
16 40 0      6 42 0      
15 40 0      7 42 0      
14 40 0      8 42 0      
13 40 0       8 42 1      
13 40 0      9 42 0      
12 40 0      9 43 0      
11 40 0      10 43 0      
10 40 0      11 43 0      
9 40 0      12 43 0      
8 40 0      13 43 0      
7 40 0      14 43 0      
6 40 0      15 43 0      
5 40 0      16 43 0      
4 40 0      16 44 0      
3 40 0      16 45 0      
2 40 0      16 46 0      
1 40 0      16 47 0      
0 40 0       16 47 1      
50 40 0      16 48 0      
49 40 0      16 49 0      
48 40 0      16 50 0      
47 40 0      16 51 0      
46 40 0      16 52 0      
45 40 0      16 3 0      
44 40 0      16 4 0      
43 40 0      16 5 0      
42 40 0      16 6 0      
41 40 0      15 6 0      
40 40 0      14 6 0      
39 40 0      14 5 0      
38 40 0      14 4 0      
37 40 0      14 3 0      
36 40 0      14 52 0      
35 40 0      14 51 0      
34 40 0      13 51 0      
33 40 0      12 51 0      
32 40 0      11 51 0      
31 40 0      10 51 0      
30 40 0      9 51 0      
29 40 0       9 51 1      
29 40 0      8 51 0      
28 40 0      8 52 0      
27 40 0      8 3 0      
26 40 0      8 4 0      
25 40 0      8 5 0      
24 40 0      8 6 0      
23 40 0      8 7 0      
22 40 0      7 7 0      
21 40 0      7 8 0      
20 40 0      7 9 0      
19 40 0      7 10 0      
18 40 0      7 11 0      
17 40 0      7 12 0      
16 40 0      7 13 0      
15 40 0      7 14 0      
14 40 0      7 15 0      
13 40 0      7 16 0      
12 40 0      7 17 0      
11 40 0      7 18 0      
10 40 0      7 19 0      
9 40 0      7 20 0      
8 40 0      7 21 0      
7 40 0      7 22 0      
6 40 0      7 23 0      
5 40 0      7 24 0      
4 40 0      7 25 0      
3 40 0      7 26 0      
2 40 0      7 27 0      
1 40 0      7 28 0      
50 40 0      7 29 0      
49 40 0      7 30 0      
48 40 0      7 31 0      
47 40 0      7 32 0      
46 40 0      7 33 0      
45 40 0      7 34 0      
44 40 0      7 35 0      
43 40 0      7 36 0      
42 40 0      7 37 0      
41 40 0      7 38 0      
40 40 0      7 39 0      
39 40 0      7 40 0      
38 40 0      7 41 0      
37 40 0      7 42 0      
36 40 0      8 42 0      
35 40 0      8 41 0      
34 40 0      8 40 0      
33 40 0      8 39 0      
32 40 0      8 38 0      
31 40 0      8 37 0      
30 40 0      8 36 0      
29 40 0      8 35 0      
28 40 0      8 34 0      
27 40 0      8 33 0      
26 40 0      8 32 0      
25 40 0      8 31 0      
24 40 0      8 30 0      
23 40 0      8 29 0      
22 40 0      8 28 0      
21 40 0      8 27 0      
20 40 0      8 26 0      
19 40 0      8 25 0      
18 40 0       8 25 1      
18 40 0      8 24 0      
17 40 0       8 24 1      
17 40 0      8 23 0      
16 40 0      7 23 0      
15 40 0      6 23 0      
14 40 0      5 23 0      
13 40 0      4 23 0      
12 40 0      3 23 0      
11 40 0      2 23 0      
10 40 0      1 23 0      
9 40 0      0 23 0      
8 40 0      49 23 0      
7 40 0      48 23 0      
6 40 0      47 23 0      
5 40 0      46 23 0      
4 40 0      45 23 0      
3 40 0      44 23 0      
2 40 0       44 23 1      
2 40 0      43 23 0      
1 40 0      42 23 0      
50 40 0      41 23 0      
49 40 0      40 23 0      
48 40 0      39 23 0      
47 40 0      38 23 0      
46 40 0      37 23 0      
45 40 0      36 23 0      
44 40 0      36 24 0      
43 40 0      36 25 0      
42 40 0       36 25 1      
42 40 0      36 26 0      
41 40 0      36 27 0      
40 40 0      36 28 0      
39 40 0       36 28 1      
39 40 0       36 28 1      
39 40 0      36 29 0      
38 40 0      36 30 0      
37 40 0      37 30 0      
36 40 0      38 30 0      
35 40 0      39 30 0      
34 40 0      40 30 0      
33 40 0      41 30 0      
32 40 0      42 30 0      
31 40 0      43 30 0      
30 40 0      43 29 0      
29 40 0      43 28 0      
28 40 0      43 27 0      
27 40 0      43 26 0      
26 40 0       43 26 1      
26 40 0      42 26 0      
25 40 0      41 26 0      
24 40 0      40 26 0      
23 40 0      39 26 0      
22 40 0      38 26 0      
21 40 0      37 26 0      
20 40 0      37 27 0      
19 40 0      37 28 0      
18 40 0      37 29 0      
17 40 0      36 29 0      
16 40 0      35 29 0      
15 40 0      34 29 0      
14 40 0      33 29 0      
13 40 0      32 29 0      
12 40 0      31 29 0      
11 40 0      30 29 0      
10 40 0      29 29 0      
9 40 0      28 29 0      
8 40 0      27 29 0      
7 40 0      26 29 0      
6 40 0      25 29 0      
5 40 0      24 29 0      
4 40 0      24 28 0      
3 40 0      24 27 0      
2 40 0      24 26 0      
1 40 0      25 26 0      
0 40 0       25 26 1      
50 40 0      26 26 0      
49 40 0      27 26 0      
48 40 0      27 27 0      
47 40 0      27 28 0      
46 40 0      27 29 0      
45 40 0      27 30 0      
44 40 0      27 31 0      
43 40 0      27 32 0      
42 40 0      28 32 0      
41 40 0      29 32 0      
40 40 0      30 32 0      
39 40 0      31 32 0      
38 40 0      31 31 0      
37 40 0      31 30 0      
36 40 0      31 29 0      
35 40 0      31 28 0      
34 40 0      31 27 0      
33 40 0      31 26 0      
32 40 0      31 25 0      
31 40 0      31 24 0      
30 40 0      31 23 0      
29 40 0      31 22 0      
28 40 0      31 21 0      
27 40 0       31 21 1      
27 40 0      31 20 0      
26 40 0      31 19 0      
25 40 0      31 18 0      
24 40 0      32 18 0      
23 40 0      33 18 0      
22 40 0      34 18 0      
21 40 0      35 18 0      
20 40 0      35 19 0      
19 40 0      35 20 0      
18 40 0      35 21 0      
17 40 0      35 22 0      
16 40 0      35 23 0      
15 40 0       35 23 1      
15 40 0      35 24 0      
14 40 0      35 25 0      
13 40 0      35 26 0      
12 40 0      35 27 0      
11 40 0      35 28 0      
10 40 0      35 29 0      
9 40 0      35 30 0      
8 40 0      35 31 0      
7 40 0      35 32 0      
6 40 0      35 33 0      
5 40 0      35 34 0      
4 40 0      35 35 0      
3 40 0      36 35 0      
2 40 0      37 35 0      
1 40 0      38 35 0      
50 40 0      39 35 0      
49 40 0      40 35 0      
48 40 0      41 35 0      
47 40 0      42 35 0      
46 40 0      43 35 0      
45 40 0      44 35 0      
44 40 0      45 35 0      
43 40 0      46 35 0      
42 40 0      47 35 0      
41 40 0      48 35 0      
40 40 0      49 35 0      
39 40 0      0 35 0      
38 40 0      1 35 0      
37 40 0      2 35 0      
36 40 0      3 35 0      
35 40 0      3 34 0      
34 40 0      3 33 0      
33 40 0      3 32 0      
32 40 0      3 31 0      
31 40 0      3 30 0      
30 40 0      2 30 0      
29 40 0      1 30 0      
28 40 0      0 30 0      
27 40 0      50 29 0      
26 40 0      50 28 0      
25 40 0      50 27 0      
24 40 0      50 26 0      
23 40 0      50 25 0      
22 40 0      50 24 0      
21 40 0      50 23 0      
20 40 0      51 23 0      
19 40 0      0 23 0      
18 40 0      1 23 0      
17 40 0      2 23 0      
16 40 0      3 23 0      
15 40 0      3 24 0      
14 40 0      3 25 0      
13 40 0      3 26 0      
12 40 0      3 27 0      
11 40 0      3 28 0      
10 40 0      3 29 0      
9 40 0      3 30 0      
8 40 0      3 31 0      
7 40 0      3 32 0      
6 40 0      3 33 0      
5 40 0      3 34 0      
4 40 0      3 35 0      
3 40 0      3 36 0      
2 40 0      4 36 0      
1 40 0      4 37 0      
50 40 0      4 38 0      
49 40 0      4 39 0      
48 40 0      4 40 0      
47 40 0      4 41 0      
46 40 0      4 42 0      
45 40 0      4 43 0      
44 40 0      4 44 0      
43 40 0      5 44 0      
42 40 0      6 44 0      
41 40 0      7 44 0      
40 40 0      8 44 0      
39 40 0      9 44 0      
38 40 0      10 44 0      
37 40 0       10 44 1      
37 40 0      11 44 0      
36 40 0      12 44 0      
35 40 0      13 44 0      
34 40 0      14 44 0      
33 40 0      15 44 0      
32 40 0      16 44 0      
31 40 0      17 44 0      
30 40 0      18 44 0      
29 40 0      19 44 0      
28 40 0      20 44 0      
27 40 0      21 44 0      
26 40 0      22 44 0      
25 40 0      23 44 0      
24 40 0      23 45 0      
23 40 0      23 46 0      
22 40 0      23 47 0      
21 40 0      23 48 0      
20 40 0      23 49 0      
19 40 0      23 50 0      
18 40 0      23 51 0      
17 40 0      23 52 0      
16 40 0      22 2 0      
15 40 0      21 2 0      
14 40 0      20 2 0      
13 40 0      19 2 0      
12 40 0      18 2 0      
11 40 0      17 2 0      
10 40 0      16 2 0      
9 40 0      15 2 0      
8 40 0      14 2 0      
7 40 0      13 2 0      
6 40 0      13 3 0      
5 40 0      13 4 0      
4 40 0      12 4 0      
3 40 0      11 4 0      
2 40 0      11 5 0      
1 40 0      11 6 0      
50 40 0      11 7 0      
49 40 0      12 7 0      
48 40 0      13 7 0      
47 40 0      14 7 0      
46 40 0      15 7 0      
45 40 0      16 7 0      
44 40 0      16 6 0      
43 40 0      16 5 0      
42 40 0      16 4 0      
41 40 0      16 3 0      
40 40 0      16 52 0      
39 40 0      16 51 0      
38 40 0      16 50 0      
37 40 0      16 49 0      
36 40 0      16 48 0      
35 40 0      16 47 0      
34 40 0      16 46 0      
33 40 0      16 45 0      
32 40 0      16 44 0      
31 40 0      16 43 0      
30 40 0      16 42 0      
