10 40 0      40 20 0      
9 40 0      41 20 0      
8 40 0      42 20 0      
7 40 0      43 20 0      
6 40 0      44 20 0      
5 40 0      45 20 0      
4 40 0      45 21 0      
3 40 0      45 22 0      
2 40 0      44 22 0      
1 40 0      43 22 0      
50 40 0      42 22 0      
49 40 0      41 22 0      
48 40 1      40 22 0      
47 40 0      39 22 0      
46 40 0      39 23 0      
45 40 0      39 24 0      
44 40 0      40 24 0      
43 40 0      41 24 0      
42 40 0      42 24 0      
41 40 0      43 24 0      
40 40 0      44 24 0      
39 40 0      45 24 0      
38 40 0      46 24 0      
37 40 0       46 24 1      
37 40 0      47 24 0      
36 40 0      48 24 0      
35 40 0      49 24 0      
34 40 0      0 24 0      
33 40 0      1 24 0      
32 40 0      2 24 0      
31 40 0      3 24 0      
30 40 0      4 24 0      
29 40 0      5 24 0      
28 40 1      6 24 0      
27 40 0      7 24 0      
26 40 0       7 24 1      
26 40 0      8 24 0      
25 40 0       8 24 1      
25 40 0      9 24 0      
24 40 0      10 24 0      
23 40 0      11 24 0      
22 40 0      12 24 0      
21 40 0      13 24 0      
20 40 0      13 25 0      
19 40 0      13 26 0      
18 40 0      13 27 0      
17 40 0      12 27 0      
16 40 0      11 27 0      
15 40 0      10 27 0      
14 40 0      9 27 0      
13 40 1      8 27 0      
12 40 0      8 28 0      
11 40 1      8 29 0      
10 40 0      8 30 0      
9 40 0      8 31 0      
8 40 0      8 32 0      
7 40 0      8 33 0      
6 40 0      8 34 0      
5 40 0      8 35 0      
4 40 0      8 36 0      
3 40 0      8 37 0      
2 40 0      8 38 0      
1 40 0      8 39 0      
50 40 0      8 40 0      
49 40 0      8 41 0      
48 40 0      8 42 0      
47 40 0      8 43 0      
46 40 0      8 44 0      
45 40 0      8 45 0      
44 40 0      8 46 0      
43 40 0      8 47 0      
42 40 0      8 48 0      
41 40 0      8 49 0      
40 40 0      8 50 0      
39 40 0      8 51 0      
38 40 0      8 52 0      
37 40 0      8 3 0      
36 40 0      8 4 0      
35 40 0      8 5 0      
34 40 0      8 6 0      
33 40 0      8 7 0      
32 40 0      8 8 0      
31 40 0      8 9 0      
30 40 0      8 10 0      
29 40 0      8 11 0      
28 40 0      8 12 0      
27 40 0      8 13 0      
26 40 0      8 14 0      
25 40 0      8 15 0      
24 40 0      8 16 0      
23 40 0      8 17 0      
22 40 0      8 18 0      
21 40 0      8 19 0      
20 40 0      8 20 0      
19 40 0      8 21 0      
18 40 0      8 22 0      
17 40 0      8 23 0      
16 40 0      8 24 0      
15 40 0      8 25 0      
14 40 0      7 25 0      
13 40 0      7 26 0      
12 40 0      7 27 0      
11 40 0      7 28 0      
10 40 0      8 28 0      
9 40 0      9 28 0      
8 40 0      10 28 0      
7 40 0      11 28 0      
6 40 0      12 28 0      
5 40 0      13 28 0      
4 40 0      14 28 0      
3 40 0       14 28 1      
3 40 0      15 28 0      
2 40 0      16 28 0      
1 40 0       16 28 1      
1 40 0      17 28 0      
50 40 0      18 28 0      
49 40 0      19 28 0      
48 40 0      19 29 0      
47 40 0      19 30 0      
46 40 0      19 31 0      
45 40 0      19 32 0      
44 40 0      19 33 0      
43 40 0      19 34 0      
42 40 0      19 35 0      
41 40 0      19 36 0      
40 40 0      19 37 0      
39 40 0      19 38 0      
38 40 0      19 39 0      
37 40 0      18 39 0      
36 40 0      18 38 0      
35 40 0      18 37 0      
34 40 0      18 36 0      
33 40 0      18 35 0      
32 40 0      18 34 0      
31 40 0      18 33 0      
30 40 0      18 32 0      
29 40 0      18 31 0      
28 40 0      18 30 0      
27 40 0      18 29 0      
26 40 0      18 28 0      
25 40 0      18 27 0      
24 40 0      18 26 0      
23 40 0      18 25 0      
22 40 0      18 24 0      
21 40 0      17 24 0      
20 40 0      16 24 0      
19 40 0      15 24 0      
18 40 0      14 24 0      
17 40 0      13 24 0      
16 40 0      12 24 0      
15 40 0      11 24 0      
14 40 0      10 24 0      
13 40 0      9 24 0      
12 40 0      8 24 0      
11 40 0      7 24 0      
10 40 0      6 24 0      
9 40 0      5 24 0      
8 40 0      5 23 0      
7 40 0      5 22 0      
6 40 0      5 21 0      
5 40 0      5 20 0      
4 40 0      5 19 0      
3 40 0      5 18 0      
2 40 0      5 17 0      
1 40 0      5 16 0      
50 40 0      5 15 0      
49 40 0      5 14 0      
48 40 0      5 13 0      
47 40 0      5 12 0      
46 40 0       5 12 1      
46 40 0      5 11 0      
45 40 0      5 10 0      
44 40 0      5 9 0      
43 40 0      5 8 0      
42 40 0      5 7 0      
41 40 0      6 7 0      
40 40 0      7 7 0      
39 40 0      8 7 0      
38 40 0      9 7 0      
37 40 0      10 7 0      
36 40 0      11 7 0      
35 40 0      12 7 0      
34 40 0      13 7 0      
33 40 0      14 7 0      
32 40 0      15 7 0      
31 40 0      16 7 0      
30 40 0      16 8 0      
29 40 0      16 9 0      
28 40 0      16 10 0      
27 40 0      16 11 0      
26 40 0       16 11 1      
26 40 0      16 12 0      
25 40 0      16 13 0      
24 40 0      17 13 0      
23 40 0      18 13 0      
22 40 0      18 14 0      
21 40 0      18 15 0      
20 40 0       18 15 1      
20 40 0      18 16 0      
19 40 0      18 17 0      
18 40 0      18 18 0      
17 40 0      18 19 0      
16 40 0      18 20 0      
15 40 0      18 21 0      
14 40 0      18 22 0      
13 40 0      18 23 0      
12 40 0      18 24 0      
11 40 0      18 25 0      
10 40 0      18 26 0      
9 40 0      18 27 0      
8 40 0      19 27 0      
7 40 0      20 27 0      
6 40 0      21 27 0      
5 40 0      22 27 0      
4 40 0      23 27 0      
3 40 0      24 27 0      
2 40 0      25 27 0      
1 40 0      26 27 0      
50 40 0      27 27 0      
49 40 0      28 27 0      
48 40 0      28 28 0      
47 40 0      28 29 0      
46 40 0      28 30 0      
45 40 0      28 31 0      
44 40 0      28 32 0      
43 40 0      28 33 0      
42 40 0      28 34 0      
41 40 0      28 35 0      
40 40 0      28 36 0      
39 40 0       28 36 1      
39 40 0      28 37 0      
38 40 0      28 38 0      
37 40 0      28 39 0      
36 40 0      29 39 0      
35 40 0      30 39 0      
34 40 0      31 39 0      
33 40 0      32 39 0      
32 40 0      32 38 0      
31 40 0      32 37 0      
30 40 0      32 36 0      
29 40 0      32 35 0      
28 40 0      32 34 0      
27 40 0      32 33 0      
26 40 0      32 32 0      
25 40 0      32 31 0      
24 40 0      32 30 0      
23 40 0      32 29 0      
22 40 0      32 28 0      
21 40 0      32 27 0      
20 40 0      32 26 0      
19 40 0      32 25 0      
18 40 0      32 24 0      
17 40 0      32 23 0      
16 40 0      32 22 0      
15 40 0      32 21 0      
14 40 0      32 20 0      
13 40 0      32 19 0      
12 40 0      33 19 0      
11 40 0      34 19 0      
10 40 0      34 18 0      
9 40 0      33 18 0      
8 40 0      32 18 0      
7 40 0       32 18 1      
7 40 0      31 18 0      
6 40 0      30 18 0      
5 40 0      29 18 0      
4 40 0      28 18 0      
3 40 0      27 18 0      
2 40 0      26 18 0      
1 40 0      25 18 0      
50 40 0      24 18 0      
49 40 0      23 18 0      
48 40 0      22 18 0      
47 40 0      22 19 0      
46 40 0      22 20 0      
45 40 0       22 20 1      
45 40 0      22 21 0      
44 40 0      22 22 0      
43 40 0      22 23 0      
42 40 0      22 24 0      
41 40 0      22 25 0      
40 40 0      22 26 0      
39 40 0      22 27 0      
38 40 0      22 28 0      
37 40 0       22 28 1      
37 40 0      22 29 0      
36 40 0      22 30 0      
35 40 0      22 31 0      
34 40 0      22 32 0      
33 40 0      22 33 0      
32 40 0      22 34 0      
31 40 0      22 35 0      
30 40 0      22 36 0      
29 40 0      22 37 0      
28 40 0      23 37 0      
27 40 0      24 37 0      
26 40 0      25 37 0      
25 40 0      26 37 0      
24 40 0      27 37 0      
23 40 0      28 37 0      
22 40 0      29 37 0      
21 40 0      30 37 0      
20 40 0      31 37 0      
19 40 0      32 37 0      
18 40 0      33 37 0      
17 40 0      34 37 0      
16 40 0      35 37 0      
15 40 0      36 37 0      
14 40 0      37 37 0      
13 40 0      38 37 0      
12 40 0      39 37 0      
11 40 0      40 37 0      
10 40 0      41 37 0      
9 40 0       41 37 1      
9 40 0      42 37 0      
8 40 0      43 37 0      
7 40 0      43 36 0      
6 40 0      42 36 0      
5 40 0       42 36 1      
5 40 0      41 36 0      
4 40 0      40 36 0      
3 40 0      39 36 0      
2 40 0      38 36 0      
1 40 0      37 36 0      
0 40 0       37 36 1      
50 40 0      36 36 0      
49 40 0      35 36 0      
48 40 0      34 36 0      
47 40 0      33 36 0      
46 40 0      32 36 0      
45 40 0      31 36 0      
44 40 0      30 36 0      
43 40 0      29 36 0      
42 40 0      28 36 0      
41 40 0      27 36 0      
40 40 0      26 36 0      
39 40 0      25 36 0      
38 40 0      24 36 0      
37 40 0      23 36 0      
36 40 0      22 36 0      
35 40 0      21 36 0      
34 40 0      20 36 0      
33 40 0      19 36 0      
32 40 0      18 36 0      
31 40 0      17 36 0      
30 40 0      16 36 0      
29 40 0      15 36 0      
28 40 0      14 36 0      
27 40 0      13 36 0      
26 40 0      12 36 0      
25 40 0      11 36 0      
24 40 0      10 36 0      
23 40 0      9 36 0      
22 40 0      8 36 0      
21 40 0      7 36 0      
20 40 0      7 35 0      
19 40 0      7 34 0      
18 40 0      7 33 0      
17 40 0      7 32 0      
16 40 0      7 31 0      
15 40 0       7 31 1      
15 40 0      8 31 0      
14 40 0      9 31 0      
13 40 0      9 30 0      
12 40 0      9 29 0      
11 40 0      9 28 0      
10 40 0      9 27 0      
9 40 0      9 26 0      
8 40 0      9 25 0      
7 40 0      9 24 0      
6 40 0      9 23 0      
5 40 0      9 22 0      
4 40 0      9 21 0      
3 40 0      9 20 0      
2 40 0      9 19 0      
1 40 0      9 18 0      
50 40 0      9 17 0      
49 40 0      9 16 0      
48 40 0      9 15 0      
47 40 0       9 15 1      
47 40 0      9 14 0      
46 40 0      10 14 0      
45 40 0      11 14 0      
44 40 0      12 14 0      
43 40 0      13 14 0      
42 40 0      14 14 0      
41 40 0      15 14 0      
40 40 0      15 13 0      
39 40 0      15 12 0      
38 40 0      15 11 0      
37 40 0      15 10 0      
36 40 0      16 10 0      
35 40 0      17 10 0      
34 40 0       17 10 1      
34 40 0      18 10 0      
33 40 0      19 10 0      
32 40 0      20 10 0      
31 40 0      21 10 0      
30 40 0      22 10 0      
29 40 0      23 10 0      
28 40 0      24 10 0      
27 40 0      25 10 0      
26 40 0      26 10 0      
25 40 0      26 11 0      
24 40 0      26 12 0      
23 40 0      26 13 0      
22 40 0      25 13 0      
21 40 0      24 13 0      
20 40 0      23 13 0      
19 40 0      22 13 0      
18 40 0      21 13 0      
17 40 0      21 14 0      
16 40 0      21 15 0      
15 40 0      21 16 0      
14 40 0      22 16 0      
13 40 0      23 16 0      
12 40 0      24 16 0      
11 40 0      25 16 0      
10 40 0      26 16 0      
9 40 0      27 16 0      
8 40 0      28 16 0      
7 40 0      29 16 0      
6 40 0      30 16 0      
5 40 0      31 16 0      
4 40 0      32 16 0      
3 40 0      33 16 0      
2 40 0      34 16 0      
1 40 0      34 17 0      
0 40 0       34 17 1      
50 40 0      34 18 0      
49 40 0      34 19 0      
48 40 0      35 19 0      
47 40 0      36 19 0      
46 40 0      37 19 0      
45 40 0      38 19 0      
44 40 0      39 19 0      
43 40 0      40 19 0      
42 40 0      41 19 0      
41 40 0      42 19 0      
40 40 0      43 19 0      
39 40 0      44 19 0      
38 40 0      45 19 0      
37 40 0      46 19 0      
36 40 0      47 19 0      
35 40 0      48 19 0      
34 40 0      49 19 0      
33 40 0      0 19 0      
32 40 0      0 18 0      
31 40 0      0 17 0      
30 40 0      0 16 0      
29 40 0      0 15 0      
28 40 0      0 14 0      
27 40 0      0 13 0      
26 40 0      0 12 0      
25 40 0      0 11 0      
24 40 0      0 10 0      
23 40 0      0 9 0      
22 40 0      0 8 0      
21 40 0      0 7 0      
20 40 0      0 6 0      
19 40 0      0 5 0      
18 40 0      -1 5 0      
17 40 0      49 5 0      
16 40 0      48 5 0      
15 40 0      48 4 0      
14 40 0      48 3 0      
13 40 0      48 52 0      
12 40 0      48 51 0      
11 40 0      48 50 0      
10 40 0      48 49 0      
9 40 0      48 48 0      
8 40 0      48 47 0      
7 40 0      48 46 0      
6 40 0       48 46 1      
6 40 0      48 45 0      
5 40 0      48 44 0      
4 40 0      49 44 0      
3 40 0      0 44 0      
2 40 0      1 44 0      
1 40 0      2 44 0      
50 40 0      3 44 0      
49 40 0      4 44 0      
48 40 0      5 44 0      
47 40 0      6 44 0      
46 40 0      7 44 0      
45 40 0      8 44 0      
44 40 0      9 44 0      
43 40 0       9 44 1      
43 40 0      10 44 0      
42 40 0      11 44 0      
41 40 0      12 44 0      
40 40 0       12 44 1      
40 40 0      13 44 0      
39 40 0      14 44 0      
38 40 0      15 44 0      
37 40 0      16 44 0      
36 40 0      17 44 0      
35 40 0      18 44 0      
34 40 0      19 44 0      
33 40 0      20 44 0      
32 40 0      20 43 0      
31 40 0      20 42 0      
30 40 0      20 41 0      
29 40 0      20 40 0      
28 40 0      20 39 0      
27 40 0      21 39 0      
26 40 0      22 39 0      
25 40 0      23 39 0      
24 40 0      24 39 0      
23 40 0      25 39 0      
22 40 0      25 38 0      
21 40 0      25 37 0      
20 40 0      25 36 0      
19 40 0      24 36 0      
18 40 0      23 36 0      
17 40 0      22 36 0      
16 40 0      22 35 0      
15 40 0      22 34 0      
14 40 0      22 33 0      
13 40 0      22 32 0      
12 40 0      22 31 0      
11 40 0      22 30 0      
10 40 0      22 29 0      
9 40 0      22 28 0      
8 40 0      22 27 0      
7 40 0      22 26 0      
6 40 0      22 25 0      
5 40 0      22 24 0      
4 40 0      22 23 0      
3 40 0      22 22 0      
2 40 0      22 21 0      
1 40 0      22 20 0      
50 40 0      22 19 0      
49 40 0      22 18 0      
48 40 0      22 17 0      
47 40 0      22 16 0      
46 40 0      22 15 0      
45 40 0      22 14 0      
44 40 0      22 13 0      
43 40 0      22 12 0      
42 40 0      22 11 0      
41 40 0      22 10 0      
40 40 0      22 9 0      
39 40 0      22 8 0      
38 40 0      22 7 0      
37 40 0      22 6 0      
36 40 0       22 6 1      
36 40 0      22 5 0      
35 40 0      23 5 0      
34 40 0      24 5 0      
33 40 0       24 5 1      
33 40 0      25 5 0      
32 40 0      26 5 0      
31 40 0      27 5 0      
30 40 0      28 5 0      
29 40 0      29 5 0      
28 40 0      30 5 0      
27 40 0       30 5 1      
27 40 0      31 5 0      
26 40 0      32 5 0      
25 40 0      33 5 0      
24 40 0      34 5 0      
23 40 0      35 5 0      
22 40 0       35 5 1      
22 40 0      35 6 0      
21 40 0      35 7 0      
20 40 0      35 8 0      
19 40 0      35 9 0      
18 40 0      36 9 0      
17 40 0      36 8 0      
16 40 0      36 7 0      
15 40 0      37 7 0      
14 40 0      38 7 0      
13 40 0      39 7 0      
12 40 0      40 7 0      
11 40 0      41 7 0      
10 40 0      42 7 0      
9 40 0      42 6 0      
8 40 0      42 5 0      
7 40 0      42 4 0      
6 40 0      42 3 0      
5 40 0      42 52 0      
4 40 0      42 51 0      
3 40 0      42 50 0      
2 40 0      42 49 0      
1 40 0      42 48 0      
50 40 0      42 47 0      
49 40 0      42 46 0      
48 40 0      42 45 0      
47 40 0      42 44 0      
46 40 0      41 44 0      
45 40 0      40 44 0      
44 40 0      39 44 0      
43 40 0      38 44 0      
42 40 0      37 44 0      
41 40 0      36 44 0      
40 40 0      35 44 0      
39 40 0      34 44 0      
38 40 0      33 44 0      
37 40 0       33 44 1      
37 40 0      32 44 0      
36 40 0      31 44 0      
35 40 0      30 44 0      
34 40 0      29 44 0      
33 40 0      28 44 0      
32 40 0      27 44 0      
31 40 0      26 44 0      
30 40 0      25 44 0      
29 40 0      24 44 0      
28 40 0      23 44 0      
27 40 0      22 44 0      
26 40 0      21 44 0      
25 40 0      20 44 0      
