10 40 0      40 20 0      
9 40 0      40 21 0      
8 40 0      40 22 0      
7 40 0      40 23 0      
6 40 0      40 24 0      
5 40 0      40 25 0      
4 40 0      40 26 0      
3 40 0      40 27 0      
2 40 0      40 28 0      
1 40 0      39 28 0      
50 40 0      38 28 0      
49 40 0      37 28 0      
48 40 0      36 28 0      
47 40 0      36 29 0      
46 40 0      37 29 0      
45 40 0      38 29 0      
44 40 0      39 29 0      
43 40 0      39 30 0      
42 40 0       39 30 1      
42 40 0      39 31 0      
41 40 0      39 32 0      
40 40 0      39 33 0      
39 40 1      39 34 0      
38 40 0      39 35 0      
37 40 0      39 36 0      
36 40 0       39 36 1      
36 40 0      39 37 0      
35 40 0      39 38 0      
34 40 0      39 39 0      
33 40 0      39 40 0      
32 40 0      39 41 0      
31 40 0      39 42 0      
30 40 0      39 43 0      
29 40 0      40 43 0      
28 40 0      41 43 0      
27 40 0      42 43 0      
26 40 0      43 43 0      
25 40 0      44 43 0      
24 40 0      45 43 0      
23 40 0      46 43 0      
22 40 0      47 43 0      
21 40 0      48 43 0      
20 40 0      49 43 0      
19 40 0      0 43 0      
18 40 0      1 43 0      
17 40 0      2 43 0      
16 40 0      3 43 0      
15 40 0      4 43 0      
14 40 0      5 43 0      
13 40 0      6 43 0      
12 40 0      7 43 0      
11 40 0      8 43 0      
10 40 0      9 43 0      
9 40 0      10 43 0      
8 40 0      11 43 0      
7 40 0      12 43 0      
6 40 0      13 43 0      
5 40 0      14 43 0      
4 40 0      15 43 0      
3 40 0      16 43 0      
2 40 0      16 44 0      
1 40 0      16 45 0      
50 40 0      15 45 0      
49 40 0      15 44 0      
48 40 0      15 43 0      
47 40 0      15 42 0      
46 40 0      16 42 0      
45 40 0      17 42 0      
44 40 0      17 43 0      
43 40 0      17 44 0      
42 40 0      17 45 0      
41 40 0      17 46 0      
40 40 0      17 47 0      
39 40 0      17 48 0      
38 40 0       17 48 1      
38 40 0      17 49 0      
37 40 0      17 50 0      
36 40 0      17 51 0      
35 40 0      17 52 0      
34 40 0      17 3 0      
33 40 0      16 3 0      
32 40 0      15 3 0      
31 40 0      14 3 0      
30 40 0      13 3 0      
29 40 0      12 3 0      
28 40 0      11 3 0      
27 40 0      10 3 0      
26 40 0      9 3 0      
25 40 0      8 3 0      
24 40 0      7 3 0      
23 40 0      6 3 0      
22 40 0      5 3 0      
21 40 0      4 3 0      
20 40 0      3 3 0      
19 40 0      2 3 0      
18 40 0      1 3 0      
17 40 0      0 3 0      
16 40 0      49 3 0      
15 40 0      48 3 0      
14 40 0      47 3 0      
13 40 0      47 2 0      
12 40 0      47 52 0      
11 40 0      47 51 0      
10 40 0      47 50 0      
9 40 0      48 50 0      
8 40 0      49 50 0      
7 40 0       49 50 1      
7 40 0      0 50 0      
6 40 0      1 50 0      
5 40 0      2 50 0      
4 40 0      3 50 0      
3 40 0      4 50 0      
2 40 0      5 50 0      
1 40 0      6 50 0      
50 40 0      7 50 0      
49 40 0      8 50 0      
48 40 0      9 50 0      
47 40 0      10 50 0      
46 40 0      11 50 0      
45 40 0       11 50 1      
45 40 0      12 50 0      
44 40 0      13 50 0      
43 40 0      14 50 0      
42 40 0      15 50 0      
41 40 0      16 50 0      
40 40 0      17 50 0      
39 40 0      18 50 0      
38 40 0      19 50 0      
37 40 0      20 50 0      
36 40 0      21 50 0      
35 40 0      22 50 0      
34 40 0      23 50 0      
33 40 0      24 50 0      
32 40 0      25 50 0      
31 40 0      26 50 0      
30 40 0      27 50 0      
29 40 0      28 50 0      
28 40 0      29 50 0      
27 40 0      30 50 0      
26 40 0      31 50 0      
25 40 0      32 50 0      
24 40 0      33 50 0      
23 40 0      34 50 0      
22 40 0      35 50 0      
21 40 0      36 50 0      
20 40 0       36 50 1      
20 40 0      37 50 0      
19 40 0      38 50 0      
18 40 0      39 50 0      
17 40 0      40 50 0      
16 40 0      41 50 0      
15 40 0      42 50 0      
14 40 0      43 50 0      
13 40 0      44 50 0      
12 40 0      45 50 0      
11 40 0      46 50 0      
10 40 0       46 50 1      
10 40 0      47 50 0      
9 40 0      48 50 0      
8 40 0      48 49 0      
7 40 0      48 48 0      
6 40 0      48 47 0      
5 40 0      48 46 0      
4 40 0      48 45 0      
3 40 0      48 44 0      
2 40 0      48 43 0      
1 40 0      48 42 0      
50 40 0      48 41 0      
49 40 0      48 40 0      
48 40 0      48 39 0      
47 40 0      48 38 0      
46 40 0      47 38 0      
45 40 0      46 38 0      
44 40 0      45 38 0      
43 40 0      44 38 0      
42 40 0      44 39 0      
41 40 0      44 40 0      
40 40 0      44 41 0      
39 40 0      44 42 0      
38 40 0      44 43 0      
37 40 0      44 44 0      
36 40 0      45 44 0      
35 40 0      46 44 0      
34 40 0      47 44 0      
33 40 0      48 44 0      
32 40 0      49 44 0      
31 40 0      0 44 0      
30 40 0      1 44 0      
29 40 0      2 44 0      
28 40 0      3 44 0      
27 40 0      4 44 0      
26 40 0      5 44 0      
25 40 0      6 44 0      
24 40 0      7 44 0      
23 40 0      8 44 0      
22 40 0       8 44 1      
22 40 0      9 44 0      
21 40 0      10 44 0      
20 40 0      11 44 0      
19 40 0      11 43 0      
18 40 0      11 42 0      
17 40 0      11 41 0      
16 40 0      11 40 0      
15 40 0      12 40 0      
14 40 0      13 40 0      
13 40 0      14 40 0      
12 40 0      15 40 0      
11 40 0      16 40 0      
10 40 0      17 40 0      
9 40 0      17 39 0      
8 40 0      17 38 0      
7 40 0      17 37 0      
6 40 0      17 36 0      
5 40 0       17 36 1      
5 40 0      17 35 0      
4 40 0      17 34 0      
3 40 0      17 33 0      
2 40 0      17 32 0      
1 40 0      17 31 0      
50 40 0      17 30 0      
49 40 0      17 29 0      
48 40 0      17 28 0      
47 40 0      17 27 0      
46 40 0      17 26 0      
45 40 0      17 25 0      
44 40 0      17 24 0      
43 40 0       17 24 1      
43 40 0      18 24 0      
42 40 0      19 24 0      
41 40 0      20 24 0      
40 40 0      21 24 0      
39 40 0      22 24 0      
38 40 0      23 24 0      
37 40 0      23 25 0      
36 40 0      22 25 0      
35 40 0      21 25 0      
34 40 0      20 25 0      
33 40 0      19 25 0      
32 40 0      18 25 0      
31 40 0      17 25 0      
30 40 0      16 25 0      
29 40 0      15 25 0      
28 40 0      14 25 0      
27 40 0      13 25 0      
26 40 0      12 25 0      
25 40 0      11 25 0      
24 40 0      10 25 0      
23 40 0      9 25 0      
22 40 0      8 25 0      
21 40 0      7 25 0      
20 40 0      6 25 0      
19 40 0      5 25 0      
18 40 0       5 25 1      
18 40 0      4 25 0      
17 40 0      3 25 0      
16 40 0      2 25 0      
15 40 0      1 25 0      
14 40 0      0 25 0      
13 40 0      50 24 0      
12 40 0      50 23 0      
11 40 0      50 22 0      
10 40 0      50 21 0      
9 40 0      50 20 0      
8 40 0      50 19 0      
7 40 0      50 18 0      
6 40 0      50 17 0      
5 40 0      50 16 0      
4 40 0      50 15 0      
3 40 0      50 14 0      
2 40 0      50 13 0      
1 40 0      50 12 0      
50 40 0      50 11 0      
49 40 0      50 10 0      
48 40 0      50 9 0      
47 40 0      50 8 0      
46 40 0      50 7 0      
45 40 0      51 7 0      
44 40 0      0 7 0      
43 40 0      1 7 0      
42 40 0      2 7 0      
41 40 0      3 7 0      
40 40 0      4 7 0      
39 40 0      5 7 0      
38 40 0      6 7 0      
37 40 0      6 8 0      
36 40 0      7 8 0      
35 40 0      8 8 0      
34 40 0      9 8 0      
33 40 0      10 8 0      
32 40 0      11 8 0      
31 40 0      11 9 0      
30 40 0      11 10 0      
29 40 0      12 10 0      
28 40 0      13 10 0      
27 40 0      14 10 0      
26 40 0      15 10 0      
25 40 0      16 10 0      
24 40 0      17 10 0      
23 40 0      18 10 0      
22 40 0      19 10 0      
21 40 0      20 10 0      
20 40 0      21 10 0      
19 40 0      22 10 0      
18 40 0      23 10 0      
17 40 0      24 10 0      
16 40 0      25 10 0      
15 40 0      25 11 0      
14 40 0      25 12 0      
13 40 0       25 12 1      
13 40 0      25 13 0      
12 40 0      25 14 0      
11 40 0      25 15 0      
10 40 0      25 16 0      
9 40 0      25 17 0      
8 40 0      25 18 0      
7 40 0      26 18 0      
6 40 0      27 18 0      
5 40 0      27 17 0      
4 40 0      27 16 0      
3 40 0      27 15 0      
2 40 0      27 14 0      
1 40 0      27 13 0      
50 40 0      27 12 0      
49 40 0      27 11 0      
48 40 0      27 10 0      
47 40 0      27 9 0      
46 40 0       27 9 1      
46 40 0      27 8 0      
45 40 0      27 7 0      
44 40 0      27 6 0      
43 40 0      27 5 0      
42 40 0      27 4 0      
41 40 0      27 3 0      
40 40 0       27 3 1      
40 40 0      27 52 0      
39 40 0      27 51 0      
38 40 0       27 51 1      
38 40 0      27 50 0      
37 40 0      27 49 0      
36 40 0      28 49 0      
35 40 0      28 50 0      
34 40 0      28 51 0      
33 40 0      28 52 0      
32 40 0      28 3 0      
31 40 0      28 4 0      
30 40 0      28 5 0      
29 40 0      28 6 0      
28 40 0      28 7 0      
27 40 0      28 8 0      
26 40 0      28 9 0      
25 40 0      28 10 0      
24 40 0      28 11 0      
23 40 0      28 12 0      
22 40 0      28 13 0      
21 40 0      28 14 0      
20 40 0      28 15 0      
19 40 0      28 16 0      
18 40 0      28 17 0      
17 40 0      28 18 0      
16 40 0      28 19 0      
15 40 0      29 19 0      
14 40 0      30 19 0      
13 40 0      31 19 0      
12 40 0      32 19 0      
11 40 0      33 19 0      
10 40 0      34 19 0      
9 40 0      35 19 0      
8 40 0      35 18 0      
7 40 0      35 17 0      
6 40 0      35 16 0      
5 40 0      35 15 0      
4 40 0      35 14 0      
3 40 0      35 13 0      
2 40 0       35 13 1      
2 40 0      35 12 0      
1 40 0      35 11 0      
50 40 0      35 10 0      
49 40 0      35 9 0      
48 40 0      35 8 0      
47 40 0      35 7 0      
46 40 0      35 6 0      
45 40 0       35 6 1      
45 40 0      35 5 0      
44 40 0      36 5 0      
43 40 0      37 5 0      
42 40 0      38 5 0      
41 40 0      39 5 0      
40 40 0      40 5 0      
39 40 0      41 5 0      
38 40 0      42 5 0      
37 40 0      43 5 0      
36 40 0      44 5 0      
35 40 0      45 5 0      
34 40 0      46 5 0      
33 40 0      47 5 0      
32 40 0      48 5 0      
31 40 0      49 5 0      
30 40 0      0 5 0      
29 40 0      0 6 0      
28 40 0      -1 6 0      
27 40 0      50 5 0      
26 40 0      50 4 0      
25 40 0      50 3 0      
24 40 0      50 52 0      
23 40 0      50 51 0      
22 40 0      50 50 0      
21 40 0      50 49 0      
20 40 0      50 48 0      
19 40 0      50 47 0      
18 40 0      50 46 0      
17 40 0      50 45 0      
16 40 0      50 44 0      
15 40 0      50 43 0      
14 40 0      50 42 0      
13 40 0      50 41 0      
12 40 0      50 40 0      
11 40 0      49 40 0      
10 40 0      48 40 0      
9 40 0      47 40 0      
8 40 0      46 40 0      
7 40 0      45 40 0      
6 40 0      44 40 0      
5 40 0      43 40 0      
4 40 0      42 40 0      
3 40 0      41 40 0      
2 40 0      40 40 0      
1 40 0      39 40 0      
50 40 0      38 40 0      
49 40 0      37 40 0      
48 40 0      36 40 0      
47 40 0      35 40 0      
46 40 0      34 40 0      
45 40 0      33 40 0      
44 40 0      32 40 0      
43 40 0      31 40 0      
42 40 0      30 40 0      
41 40 0      29 40 0      
40 40 0      28 40 0      
39 40 0      27 40 0      
38 40 0      26 40 0      
37 40 0      25 40 0      
36 40 0      24 40 0      
35 40 0      23 40 0      
34 40 0      22 40 0      
33 40 0      21 40 0      
32 40 0      20 40 0      
31 40 0      19 40 0      
30 40 0      18 40 0      
29 40 0      17 40 0      
28 40 0      16 40 0      
27 40 0      16 41 0      
26 40 0      16 42 0      
25 40 0      16 43 0      
24 40 0      17 43 0      
23 40 0      18 43 0      
22 40 0      19 43 0      
21 40 0      20 43 0      
20 40 0      21 43 0      
19 40 0      22 43 0      
18 40 0      23 43 0      
17 40 0      24 43 0      
16 40 0      25 43 0      
15 40 0      26 43 0      
14 40 0      27 43 0      
13 40 0      28 43 0      
12 40 0      29 43 0      
11 40 0      30 43 0      
10 40 0      31 43 0      
9 40 0      32 43 0      
8 40 0      33 43 0      
7 40 0       33 43 1      
7 40 0      34 43 0      
6 40 0      35 43 0      
5 40 0      36 43 0      
4 40 0      37 43 0      
3 40 0      38 43 0      
2 40 0      39 43 0      
1 40 0      40 43 0      
50 40 0      41 43 0      
49 40 0      42 43 0      
48 40 0      43 43 0      
47 40 0      44 43 0      
46 40 0      45 43 0      
45 40 0      45 42 0      
44 40 0      45 41 0      
43 40 0      45 40 0      
42 40 0      45 39 0      
41 40 0      45 38 0      
40 40 0      46 38 0      
39 40 0      46 37 0      
38 40 0      46 36 0      
37 40 0      46 35 0      
36 40 0      46 34 0      
35 40 0      46 33 0      
34 40 0      46 32 0      
33 40 0      46 31 0      
32 40 0      46 30 0      
31 40 0      46 29 0      
30 40 0      46 28 0      
29 40 0      46 27 0      
28 40 0      46 26 0      
27 40 0      46 25 0      
26 40 0      46 24 0      
25 40 0      46 23 0      
24 40 0      46 22 0      
23 40 0      46 21 0      
22 40 0      46 20 0      
21 40 0      46 19 0      
20 40 0      46 18 0      
19 40 0      46 17 0      
18 40 0      46 16 0      
17 40 0      46 15 0      
16 40 0      46 14 0      
15 40 0      46 13 0      
14 40 0      46 12 0      
13 40 0      46 11 0      
12 40 0      46 10 0      
11 40 0      46 9 0      
10 40 0      46 8 0      
9 40 0      46 7 0      
8 40 0      46 6 0      
7 40 0      46 5 0      
6 40 0      46 4 0      
5 40 0      46 3 0      
4 40 0      46 52 0      
3 40 0      46 51 0      
2 40 0      46 50 0      
1 40 0      46 49 0      
50 40 0      46 48 0      
49 40 0       46 48 1      
49 40 0      46 47 0      
48 40 0      46 46 0      
47 40 0      46 45 0      
46 40 0      46 44 0      
45 40 0      46 43 0      
44 40 0      46 42 0      
43 40 0      46 41 0      
42 40 0      46 40 0      
41 40 0      46 39 0      
40 40 0      46 38 0      
39 40 0      46 37 0      
38 40 0      46 36 0      
37 40 0      47 36 0      
36 40 0      48 36 0      
35 40 0      48 35 0      
34 40 0      48 34 0      
33 40 0       48 34 1      
33 40 0      48 33 0      
32 40 0      48 32 0      
31 40 0      48 31 0      
30 40 0      48 30 0      
29 40 0      48 29 0      
28 40 0       48 29 1      
28 40 0       48 29 1      
28 40 0      48 28 0      
27 40 0      49 28 0      
26 40 0      0 28 0      
25 40 0      1 28 0      
24 40 0      2 28 0      
23 40 0      3 28 0      
22 40 0      4 28 0      
21 40 0      5 28 0      
20 40 0      5 29 0      
19 40 0      5 30 0      
18 40 0      6 30 0      
17 40 0      7 30 0      
16 40 0      8 30 0      
15 40 0      9 30 0      
14 40 0      10 30 0      
13 40 0      11 30 0      
12 40 0      12 30 0      
11 40 0      13 30 0      
10 40 0      14 30 0      
9 40 0      15 30 0      
8 40 0      16 30 0      
7 40 0      17 30 0      
6 40 0      18 30 0      
5 40 0      19 30 0      
4 40 0      20 30 0      
3 40 0      21 30 0      
2 40 0      22 30 0      
1 40 0       22 30 1      
1 40 0      23 30 0      
50 40 0      24 30 0      
49 40 0      25 30 0      
48 40 0      26 30 0      
47 40 0      27 30 0      
46 40 0      28 30 0      
45 40 0      29 30 0      
44 40 0      30 30 0      
43 40 0      31 30 0      
42 40 0      32 30 0      
41 40 0      32 29 0      
40 40 0      32 28 0      
39 40 0      32 27 0      
38 40 0      32 26 0      
37 40 0      32 25 0      
36 40 0      32 24 0      
35 40 0      32 23 0      
34 40 0      32 22 0      
33 40 0      32 21 0      
32 40 0      32 20 0      
31 40 0      32 19 0      
30 40 0      32 18 0      
29 40 0      32 17 0      
28 40 0      32 16 0      
27 40 0      32 15 0      
26 40 0       32 15 1      
26 40 0      32 14 0      
25 40 0      32 13 0      
24 40 0      32 12 0      
23 40 0      32 11 0      
22 40 0      32 10 0      
21 40 0      33 10 0      
20 40 0      34 10 0      
19 40 0      35 10 0      
18 40 0      36 10 0      
17 40 0      36 9 0      
16 40 0      36 8 0      
15 40 0      36 7 0      
14 40 0      36 6 0      
13 40 0      36 5 0      
12 40 0      37 5 0      
11 40 0      38 5 0      
10 40 0      39 5 0      
9 40 0      40 5 0      
8 40 0      41 5 0      
7 40 0      42 5 0      
6 40 0      43 5 0      
5 40 0      44 5 0      
4 40 0      45 5 0      
3 40 0      46 5 0      
2 40 0      47 5 0      
1 40 0      48 5 0      
50 40 0      49 5 0      
49 40 0      0 5 0      
48 40 0      1 5 0      
47 40 0      2 5 0      
46 40 0      3 5 0      
45 40 0      4 5 0      
44 40 0      5 5 0      
43 40 0      6 5 0      
42 40 0      6 4 0      
41 40 0      6 3 0      
40 40 0      6 52 0      
39 40 0      6 51 0      
38 40 0      6 50 0      
37 40 0      6 49 0      
36 40 0      6 48 0      
35 40 0      6 47 0      
34 40 0      6 46 0      
33 40 0      6 45 0      
32 40 0      6 44 0      
31 40 0      6 43 0      
30 40 0      6 42 0      
29 40 0      6 41 0      
28 40 0      6 40 0      
27 40 0      6 39 0      
26 40 0      6 38 0      
25 40 0      6 37 0      
24 40 0      6 36 0      
23 40 0      6 35 0      
22 40 0      6 34 0      
21 40 0      6 33 0      
20 40 0      6 32 0      
19 40 0      6 31 0      
18 40 0      6 30 0      
17 40 0      6 29 0      
16 40 0      6 28 0      
15 40 0      7 28 0      
14 40 0      8 28 0      
13 40 0      9 28 0      
12 40 0      9 27 0      
11 40 0      9 26 0      
10 40 0      8 26 0      
9 40 0      7 26 0      
8 40 0      6 26 0      
7 40 0      5 26 0      
6 40 0      4 26 0      
5 40 0      3 26 0      
4 40 0      2 26 0      
3 40 0      1 26 0      
2 40 0      0 26 0      
1 40 0      49 26 0      
50 40 0      49 27 0      
49 40 0      49 28 0      
48 40 0      49 29 0      
47 40 0      49 30 0      
46 40 0      49 31 0      
45 40 0      49 32 0      
44 40 0      49 33 0      
43 40 0      49 34 0      
42 40 0      49 35 0      
41 40 0      49 36 0      
40 40 0      49 37 0      
39 40 0      49 38 0      
38 40 0      49 39 0      
37 40 0      49 40 0      
36 40 0      49 41 0      
35 40 0      49 42 0      
34 40 0      49 43 0      
33 40 0      49 44 0      
32 40 0      49 45 0      
31 40 0      49 46 0      
30 40 0      49 47 0      
29 40 0      49 48 0      
28 40 0      49 49 0      
27 40 0      49 50 0      
26 40 0      49 51 0      
25 40 0      49 52 0      
24 40 0      49 3 0      
23 40 0      49 4 0      
22 40 0      49 5 0      
21 40 0      50 5 0      
20 40 0      0 5 0      
19 40 0      1 5 0      
18 40 0      1 6 0      
17 40 0      1 7 0      
16 40 0      1 8 0      
15 40 0      1 9 0      
14 40 0      1 10 0      
13 40 0      1 11 0      
12 40 0      1 12 0      
11 40 0      1 13 0      
10 40 0      1 14 0      
9 40 0      1 15 0      
8 40 0      2 15 0      
7 40 0      3 15 0      
6 40 0      4 15 0      
5 40 0      5 15 0      
4 40 0      6 15 0      
3 40 0      7 15 0      
2 40 0      8 15 0      
1 40 0      9 15 0      
50 40 0      10 15 0      
49 40 0      11 15 0      
48 40 0      12 15 0      
47 40 0      13 15 0      
46 40 0      14 15 0      
45 40 0      15 15 0      
44 40 0       15 15 1      
44 40 0      16 15 0      
43 40 0      16 14 0      
42 40 0      16 13 0      
41 40 0      16 12 0      
40 40 0      16 11 0      
39 40 0      16 10 0      
38 40 0      16 9 0      
37 40 0      16 8 0      
36 40 0       16 8 1      
36 40 0      15 8 0      
35 40 0      14 8 0      
34 40 0      14 9 0      
33 40 0      14 10 0      
32 40 0      14 11 0      
31 40 0      14 12 0      
30 40 0      14 13 0      
29 40 0      14 14 0      
28 40 0      14 15 0      
27 40 0      14 16 0      
26 40 0      14 17 0      
25 40 0      14 18 0      
24 40 0      14 19 0      
23 40 0      14 20 0      
22 40 0      14 21 0      
21 40 0      14 22 0      
20 40 0      13 22 0      
19 40 0      12 22 0      
18 40 0      11 22 0      
17 40 0       11 22 1      
17 40 0      10 22 0      
16 40 0      9 22 0      
15 40 0      9 23 0      
14 40 0      9 24 0      
13 40 0      9 25 0      
12 40 0      9 26 0      
11 40 0      9 27 0      
10 40 0      9 28 0      
9 40 0      9 29 0      
8 40 0      9 30 0      
7 40 0      9 31 0      
6 40 0      9 32 0      
5 40 0      9 33 0      
4 40 0      9 34 0      
3 40 0      9 35 0      
2 40 0      9 36 0      
1 40 0      9 37 0      
50 40 0      9 38 0      
49 40 0      9 39 0      
48 40 0      9 40 0      
47 40 0      10 40 0      
46 40 0      11 40 0      
45 40 0      12 40 0      
44 40 0      13 40 0      
43 40 0      14 40 0      
42 40 0      15 40 0      
41 40 0      16 40 0      
40 40 0      17 40 0      
39 40 0      17 41 0      
38 40 0      17 42 0      
37 40 0      17 43 0      
36 40 0      17 44 0      
35 40 0      17 45 0      
34 40 0      17 46 0      
33 40 0      17 47 0      
32 40 0      17 48 0      
31 40 0      17 49 0      
30 40 0      17 50 0      
29 40 0      17 51 0      
28 40 0      17 52 0      
27 40 0      17 3 0      
26 40 0      17 4 0      
25 40 0      17 5 0      
24 40 0      17 6 0      
23 40 0      17 7 0      
22 40 0      17 8 0      
21 40 0      17 9 0      
20 40 0      17 10 0      
19 40 0      18 10 0      
18 40 0      19 10 0      
17 40 0      20 10 0      
16 40 0      21 10 0      
15 40 0      22 10 0      
14 40 0      23 10 0      
13 40 0      24 10 0      
12 40 0      25 10 0      
11 40 0      26 10 0      
10 40 0      27 10 0      
9 40 0      28 10 0      
8 40 0      29 10 0      
7 40 0      30 10 0      
6 40 0      31 10 0      
5 40 0      32 10 0      
4 40 0      33 10 0      
3 40 0      34 10 0      
2 40 0      34 11 0      
1 40 0      34 12 0      
50 40 0      34 13 0      
49 40 0      34 14 0      
48 40 0      34 15 0      
47 40 0      34 16 0      
46 40 0      34 17 0      
45 40 0      34 18 0      
44 40 0      34 19 0      
43 40 0      34 20 0      
42 40 0      34 21 0      
41 40 0      34 22 0      
40 40 0      34 23 0      
39 40 0      33 23 0      
38 40 0      32 23 0      
37 40 0      31 23 0      
36 40 0      30 23 0      
35 40 0       30 23 1      
35 40 0      29 23 0      
34 40 0      28 23 0      
33 40 0      27 23 0      
32 40 0      26 23 0      
31 40 0      25 23 0      
30 40 0      24 23 0      
29 40 0      23 23 0      
28 40 0      22 23 0      
27 40 0      21 23 0      
26 40 0      20 23 0      
25 40 0      20 22 0      
24 40 0       20 22 1      
24 40 0      20 21 0      
23 40 0      20 20 0      
22 40 0       20 20 1      
22 40 0      19 20 0      
21 40 0      18 20 0      
20 40 0      17 20 0      
19 40 0      16 20 0      
18 40 0      15 20 0      
17 40 0      14 20 0      
16 40 0      13 20 0      
15 40 0      12 20 0      
14 40 0      11 20 0      
13 40 0      11 19 0      
12 40 0      11 18 0      
11 40 0      11 17 0      
10 40 0      11 16 0      
9 40 0      11 15 0      
8 40 0      11 14 0      
7 40 0      12 14 0      
6 40 0      13 14 0      
5 40 0      14 14 0      
4 40 0      15 14 0      
3 40 0      16 14 0      
2 40 0      17 14 0      
1 40 0      17 13 0      
50 40 0      17 12 0      
49 40 0      17 11 0      
48 40 0      17 10 0      
47 40 0      17 9 0      
46 40 0      17 8 0      
45 40 0      17 7 0      
44 40 0      17 6 0      
43 40 0      17 5 0      
42 40 0      17 4 0      
41 40 0      17 3 0      
40 40 0      17 52 0      
39 40 0      17 51 0      
38 40 0      18 51 0      
37 40 0      19 51 0      
36 40 0      20 51 0      
35 40 0      21 51 0      
34 40 0      22 51 0      
33 40 0      23 51 0      
32 40 0      23 50 0      
31 40 0      23 49 0      
30 40 0      23 48 0      
29 40 0      23 47 0      
28 40 0      24 47 0      
27 40 0      25 47 0      
26 40 0      26 47 0      
25 40 0      27 47 0      
24 40 0      28 47 0      
23 40 0      29 47 0      
22 40 0      30 47 0      
21 40 0      31 47 0      
20 40 0      32 47 0      
19 40 0      33 47 0      
18 40 0      34 47 0      
17 40 0      35 47 0      
16 40 0      36 47 0      
15 40 0      37 47 0      
14 40 0      38 47 0      
13 40 0      39 47 0      
12 40 0      40 47 0      
11 40 0      41 47 0      
10 40 0      42 47 0      
9 40 0      43 47 0      
8 40 0      44 47 0      
7 40 0      45 47 0      
6 40 0      46 47 0      
5 40 0      47 47 0      
4 40 0      48 47 0      
3 40 0      49 47 0      
2 40 0      0 47 0      
1 40 0      1 47 0      
50 40 0      2 47 0      
49 40 0      3 47 0      
48 40 0       3 47 1      
48 40 0      4 47 0      
47 40 0      5 47 0      
46 40 0      6 47 0      
45 40 0      7 47 0      
44 40 0      8 47 0      
43 40 0      9 47 0      
42 40 0       9 47 1      
42 40 0      9 48 0      
41 40 0      9 49 0      
40 40 0      9 50 0      
39 40 0      9 51 0      
38 40 0      9 52 0      
37 40 0      9 3 0      
36 40 0      9 4 0      
35 40 0      9 5 0      
34 40 0      9 6 0      
33 40 0      9 7 0      
32 40 0      9 8 0      
31 40 0      9 9 0      
30 40 0      9 10 0      
29 40 0      9 11 0      
28 40 0      9 12 0      
27 40 0      9 13 0      
26 40 0      9 14 0      
25 40 0      9 15 0      
24 40 0      9 16 0      
23 40 0      9 17 0      
22 40 0      9 18 0      
21 40 0      9 19 0      
20 40 0      9 20 0      
19 40 0      9 21 0      
18 40 0      9 22 0      
17 40 0      9 23 0      
16 40 0      9 24 0      
15 40 0      9 25 0      
14 40 0      9 26 0      
13 40 0      9 27 0      
12 40 0      9 28 0      
11 40 0      9 29 0      
10 40 0      9 30 0      
9 40 0      9 31 0      
8 40 0      9 32 0      
7 40 0      9 33 0      
6 40 0      9 34 0      
5 40 0      9 35 0      
4 40 0      10 35 0      
3 40 0      11 35 0      
2 40 0      12 35 0      
1 40 0      13 35 0      
50 40 0      14 35 0      
49 40 0      15 35 0      
48 40 0      16 35 0      
47 40 0       16 35 1      
47 40 0      17 35 0      
46 40 0      18 35 0      
45 40 0      19 35 0      
44 40 0      20 35 0      
43 40 0      21 35 0      
42 40 0      22 35 0      
41 40 0      23 35 0      
40 40 0      24 35 0      
39 40 0      25 35 0      
38 40 0      26 35 0      
37 40 0      27 35 0      
36 40 0      28 35 0      
35 40 0      29 35 0      
34 40 0      30 35 0      
33 40 0      31 35 0      
32 40 0      32 35 0      
31 40 0      33 35 0      
30 40 0      34 35 0      
29 40 0      35 35 0      
28 40 0      36 35 0      
27 40 0      37 35 0      
26 40 0      38 35 0      
25 40 0      39 35 0      
24 40 0      40 35 0      
23 40 0      41 35 0      
22 40 0      42 35 0      
21 40 0      43 35 0      
20 40 0      44 35 0      
19 40 0      45 35 0      
18 40 0      46 35 0      
17 40 0      46 36 0      
16 40 0      46 37 0      
15 40 0      46 38 0      
14 40 0      46 39 0      
13 40 0      46 40 0      
12 40 0      46 41 0      
11 40 0      46 42 0      
10 40 0      46 43 0      
9 40 0      47 43 0      
8 40 0      48 43 0      
7 40 0      49 43 0      
6 40 0      0 43 0      
5 40 0      1 43 0      
4 40 0      2 43 0      
3 40 0      3 43 0      
2 40 0      4 43 0      
1 40 0      5 43 0      
50 40 0      6 43 0      
49 40 0      7 43 0      
48 40 0      8 43 0      
47 40 0      9 43 0      
46 40 0      10 43 0      
45 40 0      11 43 0      
44 40 0      11 44 0      
43 40 0      11 45 0      
42 40 0      11 46 0      
41 40 0      11 47 0      
40 40 0      11 48 0      
39 40 0      11 49 0      
38 40 0      11 50 0      
37 40 0      11 51 0      
36 40 0      11 52 0      
35 40 0      11 3 0      
34 40 0      11 4 0      
33 40 0      11 5 0      
32 40 0      11 6 0      
31 40 0      11 7 0      
30 40 0      11 8 0      
29 40 0      11 9 0      
28 40 0      11 10 0      
27 40 0      11 11 0      
26 40 0      11 12 0      
25 40 0      11 13 0      
24 40 0      11 14 0      
23 40 0      11 15 0      
22 40 0      11 16 0      
21 40 0      11 17 0      
20 40 0      11 18 0      
19 40 0      11 19 0      
18 40 0      11 20 0      
17 40 0      11 21 0      
16 40 0      11 22 0      
15 40 0      11 23 0      
14 40 0      11 24 0      
13 40 0      11 25 0      
12 40 0      11 26 0      
11 40 0      11 27 0      
10 40 0      11 28 0      
9 40 0      11 29 0      
8 40 0      11 30 0      
7 40 0      11 31 0      
6 40 0      11 32 0      
5 40 0      11 33 0      
4 40 0      11 34 0      
3 40 0      11 35 0      
2 40 0      11 36 0      
1 40 0      11 37 0      
50 40 0      12 37 0      
49 40 0      13 37 0      
48 40 0       13 37 1      
48 40 0      14 37 0      
47 40 0      15 37 0      
46 40 0      16 37 0      
45 40 0      17 37 0      
44 40 0      18 37 0      
43 40 0      18 38 0      
42 40 0      18 39 0      
41 40 0      18 40 0      
40 40 0      17 40 0      
39 40 0      17 41 0      
38 40 0      17 42 0      
37 40 0      17 43 0      
36 40 0      17 44 0      
35 40 0      17 45 0      
34 40 0      17 46 0      
33 40 0      18 46 0      
32 40 0      19 46 0      
31 40 0      19 47 0      
30 40 0       19 47 1      
30 40 0      19 48 0      
29 40 0      19 49 0      
28 40 0      19 50 0      
27 40 0      19 51 0      
26 40 0      19 52 0      
25 40 0      19 3 0      
24 40 0      19 4 0      
23 40 0      19 5 0      
22 40 0      19 6 0      
21 40 0      19 7 0      
20 40 0      19 8 0      
19 40 0      19 9 0      
18 40 0      19 10 0      
17 40 0      19 11 0      
16 40 0      19 12 0      
15 40 0      19 13 0      
14 40 0      19 14 0      
13 40 0      18 14 0      
