21239
17827
16553
19116
27883
21959
30856
24971
24331
20534
17881
22572
29713
39037
22027
27390
18982
27712
22339
19260
25810
20705
26229
19635
20989
21191
27909
18595
20012
19656
18433
22810
24862
29180
20727
21670
17877
19310
20599
20624
25306
23981
27949
18893
29092
19674
23487
22853
19602
27883
17346
26184
24139
19846
23448
22195
18545
17298
20531
18102
19046
17320
17817
21139
19244
26171
22157
26725
24877
34425
24645
21119
21230
18055
20197
23727
20685
20926
18808
24304
20952
22810
18226
22442
20897
22572
24068
19718
18982
22161
26661
23924
23837
23075
22040
19847
17456
17696
27619
17506
27803
17289
36000
27371
22222
26736
23768
23168
21350
19897
23240
27363
25231
23802
23320
22283
19621
26248
24645
17047
23015
17658
38269
19587
18433
23886
28744
26064
20029
20295
24908
22645
21866
18727
21659
20874
23986
21570
20635
25603
22832
21081
22172
26183
18885
26178
21272
18246
21559
20727
21046
16961
20293
20459
24569
22717
17080
18764
25166
17386
40346
18608
22715
20795
18618
17251
20111
19712
21146
22011
23639
17834
22462
21248
16379
22895
20596
23982
29591
21353
20070
23902
20996
24659
21417
21362
22189
22556
19263
24811
23352
17437
17849
23357
20342
18914
29061
20010
26896
24520
20761
21457
19191
18173
20508
25101
22887
18830
20166
19427
18461
22430
18929
19233
15592
23272
23791
22601
23439
28303
28511
19873
17242
21822
22207
24631
20973
22461
18126
30110
33390
22769
20937
21974
18799
23260
30924
19165
23073
22384
20151
16566
29544
21943
20295
25323
23633
22979
20139
18345
21798
35086
21968
24791
21372
16716
20181
20011
19242
18999
20413
19342
21874
21785
18996
20665
28141
25205
21920
18386
22957
31379
20471
24444
18019
19793
25709
16885
19814
28660
20876
22958
17153
24067
21258
18579
24688
24708
19445
20742
21535
18955
26774
19809
24309
22411
20385
21090
21592
18718
21014
20934
23583
25684
21930
19412
20407
23439
24219
21992
30433
24550
18024
18424
24455
19947
25525
21760
22942
25196
20574
19948
27663
17086
23301
19284
23379
32414
18214
19387
22761
21393
21178
24273
16623
20774
25250
18229
25623
18034
20357
26264
20536
19713
24587
16143
24193
22354
22277
26006
29996
19683
18311
26017
18518
23389
26776
19052
20612
25836
23387
20550
21361
18503
19508
19917
26237
21629
27560
18730
20430
19356
21154
26867
19718
23096
24993
21900
22581
22577
26812
21670
22235
25134
26493
17737
17215
20089
22217
19711
31252
20814
16452
15964
18323
18069
22945
21005
15773
21885
28495
17210
22842
16913
20875
19542
24162
22271
17870
32164
19547
19808
21884
22311
25377
24321
24360
19432
23096
28313
20143
22016
16248
23600
20971
17881
21291
24329
25844
26289
23295
21388
21705
19554
20674
18576
24096
22816
27557
20397
18097
27185
20655
19706
26656
24361
25361
22639
20180
27492
24176
25963
19074
21442
19825
25448
24158
24365
22043
27331
19749
24217
20678
18795
21446
19033
16978
22029
19735
35411
18424
17909
18516
20837
21360
21357
30119
24205
22562
18087
21604
17589
22773
18233
24341
22237
20449
18804
19550
27708
30026
20306
21792
20235
19600
23779
30336
24864
26881
16142
