10 40 0      40 20 0      
9 40 0      40 21 0      
8 40 0      40 22 0      
7 40 0      40 23 0      
6 40 0      40 24 0      
5 40 0      40 25 0      
4 40 0      40 26 0      
3 40 0      39 26 0      
2 40 1      38 26 0      
1 40 0      37 26 0      
50 40 0      36 26 0      
49 40 0      35 26 0      
48 40 0      34 26 0      
47 40 0      34 27 0      
46 40 0      34 28 0      
45 40 0      35 28 0      
44 40 0      36 28 0      
43 40 0      37 28 0      
42 40 0      38 28 0      
41 40 0      39 28 0      
40 40 0      40 28 0      
39 40 0      41 28 0      
38 40 0      42 28 0      
37 40 0      43 28 0      
36 40 0      44 28 0      
35 40 0      45 28 0      
34 40 0      46 28 0      
33 40 0      47 28 0      
32 40 0      48 28 0      
31 40 0      49 28 0      
30 40 0      0 28 0      
29 40 0      1 28 0      
28 40 0      1 27 0      
27 40 0      1 26 0      
26 40 0      1 25 0      
25 40 0      1 24 0      
24 40 0      1 23 0      
23 40 0      1 22 0      
22 40 0      1 21 0      
21 40 0      1 20 0      
20 40 0      1 19 0      
19 40 0      1 18 0      
18 40 0      1 17 0      
17 40 0      1 16 0      
16 40 0      1 15 0      
15 40 0      1 14 0      
14 40 0      1 13 0      
13 40 0      1 12 0      
12 40 0      1 11 0      
11 40 0      1 10 0      
10 40 0      1 9 0      
9 40 0      1 8 0      
8 40 0      1 7 0      
7 40 0      1 6 0      
6 40 0      1 5 0      
5 40 0      1 4 0      
4 40 0      1 3 0      
3 40 0      1 52 0      
2 40 0      0 52 0      
1 40 0      49 52 0      
50 40 0      48 52 0      
49 40 0      47 52 0      
48 40 0       47 52 1      
48 40 0      46 52 0      
47 40 0      45 52 0      
46 40 0      44 52 0      
45 40 0      43 52 0      
44 40 0      42 52 0      
43 40 0      41 52 0      
42 40 0      41 53 0      
41 40 0      42 2 0      
40 40 0      43 2 0      
39 40 0      44 2 0      
38 40 0      44 3 0      
37 40 0      44 4 0      
36 40 0      44 5 0      
35 40 0      44 6 0      
34 40 0       44 6 1      
34 40 0      43 6 0      
33 40 0      42 6 0      
32 40 0      42 7 0      
31 40 0      42 8 0      
30 40 0      41 8 0      
29 40 0      40 8 0      
28 40 0      39 8 0      
27 40 0      38 8 0      
26 40 0      37 8 0      
25 40 0      36 8 0      
24 40 0      35 8 0      
23 40 0      34 8 0      
22 40 0      33 8 0      
21 40 0      33 7 0      
20 40 0      33 6 0      
19 40 0      33 5 0      
18 40 0      33 4 0      
17 40 0      33 3 0      
16 40 0      33 52 0      
15 40 0      33 51 0      
14 40 0      34 51 0      
13 40 0      35 51 0      
12 40 0      36 51 0      
11 40 0      37 51 0      
10 40 0      38 51 0      
9 40 0      39 51 0      
8 40 0      40 51 0      
7 40 0      41 51 0      
6 40 0      42 51 0      
5 40 0      43 51 0      
4 40 0      44 51 0      
3 40 0      45 51 0      
2 40 0      46 51 0      
1 40 0      47 51 0      
50 40 0      48 51 0      
49 40 0      49 51 0      
48 40 0      0 51 0      
47 40 0      1 51 0      
46 40 0      2 51 0      
45 40 0      3 51 0      
44 40 0      4 51 0      
43 40 0      5 51 0      
42 40 0      6 51 0      
41 40 0      7 51 0      
40 40 0      8 51 0      
39 40 0      9 51 0      
38 40 0      10 51 0      
37 40 0      11 51 0      
36 40 0      12 51 0      
35 40 0      12 50 0      
34 40 0      12 49 0      
33 40 0      12 48 0      
32 40 0      12 47 0      
31 40 0      12 46 0      
30 40 0      11 46 0      
29 40 0      10 46 0      
28 40 0      9 46 0      
27 40 0      8 46 0      
26 40 0      8 47 0      
25 40 0      7 47 0      
24 40 0      6 47 0      
23 40 0      5 47 0      
22 40 0      4 47 0      
21 40 0      3 47 0      
20 40 0      2 47 0      
19 40 0      1 47 0      
18 40 0      1 48 0      
17 40 0      1 49 0      
16 40 0      1 50 0      
15 40 0      1 51 0      
14 40 0      1 52 0      
13 40 0      1 3 0      
12 40 0      1 4 0      
11 40 0      1 5 0      
10 40 0      2 5 0      
9 40 0      3 5 0      
8 40 0      4 5 0      
7 40 0      5 5 0      
6 40 0      6 5 0      
5 40 0       6 5 1      
5 40 0      7 5 0      
4 40 0      8 5 0      
3 40 0      9 5 0      
2 40 0      10 5 0      
1 40 0      11 5 0      
50 40 0      12 5 0      
49 40 0      13 5 0      
48 40 0      14 5 0      
47 40 0      15 5 0      
46 40 0      15 4 0      
45 40 0      15 3 0      
44 40 0      16 53 0      
43 40 0      17 53 0      
42 40 0      18 53 0      
41 40 0      19 53 0      
40 40 0      20 53 0      
39 40 0      21 53 0      
38 40 0      22 53 0      
37 40 0      23 53 0      
36 40 0      24 53 0      
35 40 0      25 53 0      
34 40 0      26 53 0      
33 40 0      26 54 0      
32 40 0      26 3 0      
31 40 0      26 4 0      
30 40 0      27 4 0      
29 40 0      28 4 0      
28 40 0      29 4 0      
27 40 0      30 4 0      
26 40 0      31 4 0      
25 40 0      32 4 0      
24 40 0      33 4 0      
23 40 0      34 4 0      
22 40 0      35 4 0      
21 40 0      35 3 0      
20 40 0       35 3 1      
20 40 0       35 3 1      
20 40 0      35 52 0      
19 40 0      35 51 0      
18 40 0      35 50 0      
17 40 0      35 49 0      
16 40 0      35 48 0      
15 40 0      35 47 0      
14 40 0      35 46 0      
13 40 0      35 45 0      
12 40 0      35 44 0      
11 40 0      35 43 0      
10 40 0      34 43 0      
9 40 0      33 43 0      
8 40 0      32 43 0      
7 40 0      31 43 0      
6 40 0      30 43 0      
5 40 0      29 43 0      
4 40 0      28 43 0      
3 40 0      27 43 0      
2 40 0      26 43 0      
1 40 0      25 43 0      
50 40 0      24 43 0      
49 40 0      23 43 0      
48 40 0      22 43 0      
47 40 0      21 43 0      
46 40 0      20 43 0      
45 40 0      19 43 0      
44 40 0      18 43 0      
43 40 0      17 43 0      
42 40 0      16 43 0      
41 40 0      15 43 0      
40 40 0      14 43 0      
39 40 0      13 43 0      
38 40 0      12 43 0      
37 40 0      11 43 0      
36 40 0      10 43 0      
35 40 0      10 42 0      
34 40 0      10 41 0      
33 40 0      10 40 0      
32 40 0      10 39 0      
31 40 0      10 38 0      
30 40 0      10 37 0      
29 40 0      10 36 0      
28 40 0       10 36 1      
28 40 0      10 35 0      
27 40 0      10 34 0      
26 40 0      10 33 0      
25 40 0      10 32 0      
24 40 0       10 32 1      
24 40 0      10 31 0      
23 40 0      10 30 0      
22 40 0       10 30 1      
22 40 0      10 29 0      
21 40 0      10 28 0      
20 40 0      10 27 0      
19 40 0      10 26 0      
18 40 0       10 26 1      
18 40 0      10 25 0      
17 40 0      10 24 0      
16 40 0      10 23 0      
15 40 0      10 22 0      
14 40 0      10 21 0      
13 40 0      10 20 0      
12 40 0      11 20 0      
11 40 0      12 20 0      
10 40 0      13 20 0      
9 40 0      14 20 0      
8 40 0      15 20 0      
7 40 0      16 20 0      
6 40 0      17 20 0      
5 40 0      17 21 0      
4 40 0      17 22 0      
3 40 0      17 23 0      
2 40 0      17 24 0      
1 40 0      17 25 0      
50 40 0      17 26 0      
49 40 0      17 27 0      
48 40 0      17 28 0      
47 40 0      18 28 0      
46 40 0      19 28 0      
45 40 0      20 28 0      
44 40 0      20 29 0      
43 40 0      20 30 0      
42 40 0      20 31 0      
41 40 0      20 32 0      
40 40 0      20 33 0      
39 40 0       20 33 1      
39 40 0      20 34 0      
38 40 0      20 35 0      
37 40 0      20 36 0      
36 40 0      20 37 0      
35 40 0      20 38 0      
34 40 0      20 39 0      
33 40 0      20 40 0      
32 40 0      19 40 0      
31 40 0      19 39 0      
30 40 0      18 39 0      
29 40 0       18 39 1      
29 40 0      17 39 0      
28 40 0      16 39 0      
27 40 0      15 39 0      
26 40 0      14 39 0      
25 40 0      13 39 0      
24 40 0      12 39 0      
23 40 0      11 39 0      
22 40 0      10 39 0      
21 40 0      10 40 0      
20 40 0      10 41 0      
19 40 0      10 42 0      
18 40 0      10 43 0      
17 40 0      9 43 0      
16 40 0      8 43 0      
15 40 0      7 43 0      
14 40 0      6 43 0      
13 40 0      5 43 0      
12 40 0      4 43 0      
11 40 0      3 43 0      
10 40 0       3 43 1      
10 40 0      2 43 0      
9 40 0      1 43 0      
8 40 0      0 43 0      
7 40 0      49 43 0      
6 40 0      48 43 0      
5 40 0      47 43 0      
4 40 0      46 43 0      
3 40 0      45 43 0      
2 40 0      44 43 0      
1 40 0      43 43 0      
50 40 0      43 44 0      
49 40 0      43 45 0      
48 40 0      43 46 0      
47 40 0      43 47 0      
46 40 0      42 47 0      
45 40 0      42 48 0      
44 40 0      42 49 0      
43 40 0      42 50 0      
42 40 0      42 51 0      
41 40 0      41 51 0      
40 40 0      40 51 0      
39 40 0      39 51 0      
38 40 0      38 51 0      
37 40 0      37 51 0      
36 40 0      36 51 0      
35 40 0      35 51 0      
34 40 0      35 52 0      
33 40 0      35 3 0      
32 40 0      35 4 0      
31 40 0      35 5 0      
30 40 0      35 6 0      
29 40 0      35 7 0      
28 40 0      35 8 0      
27 40 0      35 9 0      
26 40 0      35 10 0      
25 40 0      35 11 0      
24 40 0      35 12 0      
23 40 0      35 13 0      
22 40 0      35 14 0      
21 40 0      35 15 0      
20 40 0      35 16 0      
19 40 0      35 17 0      
18 40 0      35 18 0      
17 40 0      35 19 0      
16 40 0      34 19 0      
15 40 0      33 19 0      
14 40 0      32 19 0      
13 40 0       32 19 1      
13 40 0      31 19 0      
12 40 0      30 19 0      
11 40 0      29 19 0      
10 40 0      28 19 0      
9 40 0      27 19 0      
8 40 0      27 18 0      
7 40 0       27 18 1      
7 40 0      27 17 0      
6 40 0      27 16 0      
5 40 0      27 15 0      
4 40 0      27 14 0      
3 40 0      27 13 0      
2 40 0      26 13 0      
1 40 0      25 13 0      
50 40 0      24 13 0      
49 40 0      23 13 0      
48 40 0      22 13 0      
47 40 0      21 13 0      
46 40 0      20 13 0      
45 40 0      20 14 0      
44 40 0      20 15 0      
43 40 0      20 16 0      
42 40 0      20 17 0      
41 40 0      20 18 0      
40 40 0       20 18 1      
40 40 0      20 19 0      
39 40 0      20 20 0      
38 40 0      20 21 0      
37 40 0      20 22 0      
36 40 0      20 23 0      
35 40 0      20 24 0      
34 40 0      20 25 0      
33 40 0      20 26 0      
32 40 0      20 27 0      
31 40 0      21 27 0      
30 40 0      22 27 0      
29 40 0      23 27 0      
28 40 0      24 27 0      
27 40 0      25 27 0      
26 40 0      26 27 0      
25 40 0      27 27 0      
24 40 0      28 27 0      
23 40 0      29 27 0      
22 40 0      30 27 0      
21 40 0      31 27 0      
20 40 0      32 27 0      
19 40 0      33 27 0      
18 40 0      34 27 0      
17 40 0      35 27 0      
16 40 0       35 27 1      
16 40 0      36 27 0      
15 40 0      37 27 0      
14 40 0      38 27 0      
13 40 0      38 26 0      
12 40 0      39 26 0      
11 40 0      40 26 0      
10 40 0      41 26 0      
9 40 0      42 26 0      
8 40 0      43 26 0      
7 40 0       43 26 1      
7 40 0      44 26 0      
6 40 0      45 26 0      
5 40 0      46 26 0      
4 40 0      47 26 0      
3 40 0      48 26 0      
2 40 0      49 26 0      
1 40 0      0 26 0      
50 40 0      1 26 0      
49 40 0      2 26 0      
48 40 0      3 26 0      
47 40 0      4 26 0      
46 40 0      5 26 0      
45 40 0      6 26 0      
44 40 0      6 25 0      
43 40 0      6 24 0      
42 40 0      6 23 0      
41 40 0      6 22 0      
40 40 0      6 21 0      
39 40 0      6 20 0      
38 40 0      6 19 0      
37 40 0      6 18 0      
36 40 0      6 17 0      
35 40 0      6 16 0      
34 40 0      7 16 0      
33 40 0      8 16 0      
32 40 0      9 16 0      
31 40 0      10 16 0      
30 40 0      11 16 0      
29 40 0      12 16 0      
28 40 0      13 16 0      
27 40 0      13 17 0      
26 40 0      13 18 0      
25 40 0      13 19 0      
24 40 0      13 20 0      
23 40 0      13 21 0      
22 40 0      13 22 0      
21 40 0      13 23 0      
20 40 0      13 24 0      
19 40 0      13 25 0      
18 40 0      13 26 0      
17 40 0      13 27 0      
16 40 0      13 28 0      
15 40 0      14 28 0      
14 40 0      15 28 0      
13 40 0      16 28 0      
12 40 0      17 28 0      
11 40 0      18 28 0      
10 40 0      19 28 0      
9 40 0      20 28 0      
8 40 0      20 27 0      
7 40 0      20 26 0      
6 40 0      20 25 0      
5 40 0      20 24 0      
4 40 0      20 23 0      
3 40 0      20 22 0      
2 40 0      20 21 0      
1 40 0      20 20 0      
50 40 0      20 19 0      
49 40 0      20 18 0      
48 40 0      20 17 0      
47 40 0      20 16 0      
46 40 0      20 15 0      
45 40 0      20 14 0      
44 40 0      20 13 0      
43 40 0      20 12 0      
42 40 0      20 11 0      
41 40 0      20 10 0      
40 40 0      20 9 0      
39 40 0      20 8 0      
38 40 0      20 7 0      
37 40 0      19 7 0      
36 40 0      19 6 0      
35 40 0      19 5 0      
34 40 0      19 4 0      
33 40 0      19 3 0      
32 40 0      19 52 0      
31 40 0       19 52 1      
31 40 0      19 51 0      
30 40 0      19 50 0      
29 40 0      19 49 0      
28 40 0      19 48 0      
27 40 0      18 48 0      
26 40 0      17 48 0      
25 40 0      17 49 0      
24 40 0      17 50 0      
23 40 0      17 51 0      
22 40 0      17 52 0      
21 40 0      18 2 0      
20 40 0      19 2 0      
19 40 0      20 2 0      
18 40 0      21 2 0      
17 40 0      22 2 0      
16 40 0      22 1 0      
15 40 0      22 52 0      
14 40 0      22 51 0      
13 40 0      22 50 0      
12 40 0      22 49 0      
11 40 0      22 48 0      
10 40 0      22 47 0      
9 40 0      22 46 0      
8 40 0      22 45 0      
7 40 0      23 45 0      
6 40 0      24 45 0      
5 40 0      25 45 0      
4 40 0      26 45 0      
3 40 0       26 45 1      
3 40 0      27 45 0      
2 40 0      28 45 0      
1 40 0      29 45 0      
50 40 0      30 45 0      
49 40 0      31 45 0      
48 40 0      32 45 0      
47 40 0      33 45 0      
46 40 0      34 45 0      
45 40 0      35 45 0      
44 40 0      36 45 0      
43 40 0      37 45 0      
42 40 0      38 45 0      
41 40 0      39 45 0      
40 40 0      40 45 0      
39 40 0      41 45 0      
38 40 0      42 45 0      
37 40 0      43 45 0      
36 40 0      44 45 0      
35 40 0      45 45 0      
34 40 0      46 45 0      
33 40 0      47 45 0      
32 40 0      48 45 0      
31 40 0      49 45 0      
30 40 0      0 45 0      
29 40 0      1 45 0      
28 40 0      2 45 0      
27 40 0      3 45 0      
26 40 0      3 46 0      
25 40 0      3 47 0      
24 40 0      3 48 0      
23 40 0      3 49 0      
22 40 0      4 49 0      
21 40 0      5 49 0      
20 40 0      6 49 0      
19 40 0      7 49 0      
18 40 0       7 49 1      
18 40 0      8 49 0      
17 40 0      9 49 0      
16 40 0      10 49 0      
15 40 0      11 49 0      
14 40 0      12 49 0      
13 40 0      13 49 0      
12 40 0      14 49 0      
11 40 0      15 49 0      
10 40 0      16 49 0      
9 40 0      17 49 0      
8 40 0      18 49 0      
7 40 0      18 50 0      
6 40 0      18 51 0      
5 40 0      18 52 0      
4 40 0      18 3 0      
3 40 0      18 4 0      
2 40 0      18 5 0      
1 40 0      17 5 0      
50 40 0      16 5 0      
49 40 0      15 5 0      
48 40 0      14 5 0      
47 40 0      13 5 0      
46 40 0      13 6 0      
45 40 0      13 7 0      
44 40 0      13 8 0      
43 40 0      13 9 0      
42 40 0      13 10 0      
41 40 0      13 11 0      
40 40 0       13 11 1      
40 40 0      12 11 0      
39 40 0      11 11 0      
38 40 0      10 11 0      
37 40 0      9 11 0      
36 40 0      9 10 0      
35 40 0      9 9 0      
34 40 0      9 8 0      
33 40 0      9 7 0      
32 40 0      9 6 0      
31 40 0      9 5 0      
30 40 0      9 4 0      
29 40 0      9 3 0      
28 40 0      9 52 0      
27 40 0      9 51 0      
26 40 0      9 50 0      
25 40 0      8 50 0      
24 40 0      7 50 0      
23 40 0      6 50 0      
22 40 0      5 50 0      
21 40 0      4 50 0      
20 40 0      3 50 0      
19 40 0      2 50 0      
18 40 0      1 50 0      
17 40 0      0 50 0      
16 40 0       0 50 1      
16 40 0      49 50 0      
15 40 0      48 50 0      
14 40 0      47 50 0      
13 40 0      46 50 0      
12 40 0      45 50 0      
11 40 0      44 50 0      
10 40 0      43 50 0      
9 40 0      42 50 0      
8 40 0      41 50 0      
7 40 0      40 50 0      
6 40 0      39 50 0      
5 40 0      38 50 0      
4 40 0      37 50 0      
3 40 0      36 50 0      
2 40 0      35 50 0      
1 40 0      34 50 0      
50 40 0      33 50 0      
49 40 0      33 51 0      
48 40 0      33 52 0      
47 40 0      33 3 0      
46 40 0      33 4 0      
45 40 0      33 5 0      
44 40 0      33 6 0      
43 40 0      33 7 0      
42 40 0      33 8 0      
41 40 0      33 9 0      
40 40 0      34 9 0      
39 40 0      35 9 0      
38 40 0      36 9 0      
37 40 0      37 9 0      
36 40 0      38 9 0      
35 40 0      39 9 0      
34 40 0      40 9 0      
33 40 0      41 9 0      
32 40 0      42 9 0      
31 40 0      43 9 0      
30 40 0      44 9 0      
29 40 0      45 9 0      
28 40 0      46 9 0      
27 40 0      47 9 0      
26 40 0      48 9 0      
25 40 0      49 9 0      
24 40 0      0 9 0      
23 40 0      1 9 0      
22 40 0      2 9 0      
21 40 0      3 9 0      
20 40 0      4 9 0      
19 40 0      5 9 0      
18 40 0      5 8 0      
17 40 0      5 7 0      
16 40 0      5 6 0      
15 40 0      5 5 0      
14 40 0      5 4 0      
13 40 0      5 3 0      
12 40 0      5 52 0      
11 40 0      5 51 0      
10 40 0      5 50 0      
9 40 0      5 49 0      
8 40 0      5 48 0      
7 40 0      5 47 0      
6 40 0      5 46 0      
5 40 0      5 45 0      
4 40 0      5 44 0      
3 40 0      5 43 0      
2 40 0      6 43 0      
1 40 0      7 43 0      
50 40 0      8 43 0      
49 40 0      9 43 0      
48 40 0      10 43 0      
47 40 0      10 44 0      
46 40 0      10 45 0      
45 40 0      10 46 0      
44 40 0      10 47 0      
43 40 0      10 48 0      
42 40 0       10 48 1      
42 40 0      10 49 0      
41 40 0      10 50 0      
40 40 0      10 51 0      
39 40 0      10 52 0      
38 40 0      10 3 0      
37 40 0      10 4 0      
36 40 0      10 5 0      
35 40 0      10 6 0      
34 40 0      10 7 0      
33 40 0      10 8 0      
32 40 0      10 9 0      
31 40 0      10 10 0      
30 40 0      10 11 0      
29 40 0      10 12 0      
28 40 0      10 13 0      
27 40 0      11 13 0      
26 40 0      12 13 0      
25 40 0      12 12 0      
24 40 0      12 11 0      
23 40 0      12 10 0      
22 40 0      12 9 0      
21 40 0      12 8 0      
20 40 0      12 7 0      
19 40 0      12 6 0      
18 40 0      12 5 0      
17 40 0      12 4 0      
16 40 0      12 3 0      
15 40 0      12 52 0      
14 40 0      12 51 0      
13 40 0      12 50 0      
12 40 0      12 49 0      
11 40 0      12 48 0      
10 40 0      12 47 0      
9 40 0      12 46 0      
8 40 0      11 46 0      
7 40 0      11 47 0      
6 40 0      11 48 0      
5 40 0      11 49 0      
4 40 0      11 50 0      
3 40 0      11 51 0      
2 40 0      11 52 0      
1 40 0      11 3 0      
50 40 0      11 4 0      
49 40 0      11 5 0      
48 40 0      11 6 0      
47 40 0      11 7 0      
46 40 0       11 7 1      
46 40 0      11 8 0      
45 40 0      11 9 0      
44 40 0      11 10 0      
43 40 0      11 11 0      
42 40 0      11 12 0      
41 40 0      11 13 0      
40 40 0      11 14 0      
39 40 0      11 15 0      
38 40 0      12 15 0      
37 40 0      13 15 0      
36 40 0      14 15 0      
35 40 0      15 15 0      
34 40 0      16 15 0      
33 40 0      16 16 0      
32 40 0      16 17 0      
31 40 0      16 18 0      
30 40 0      17 18 0      
29 40 0      18 18 0      
28 40 0      18 17 0      
27 40 0      18 16 0      
26 40 0      18 15 0      
25 40 0      18 14 0      
24 40 0      18 13 0      
23 40 0      17 13 0      
22 40 0      16 13 0      
21 40 0      15 13 0      
20 40 0      14 13 0      
19 40 0      13 13 0      
18 40 0      12 13 0      
17 40 0      11 13 0      
16 40 0      10 13 0      
15 40 0      9 13 0      
14 40 0      9 12 0      
13 40 0      9 11 0      
12 40 0      9 10 0      
11 40 0      9 9 0      
10 40 0      9 8 0      
9 40 0      9 7 0      
8 40 0      9 6 0      
7 40 0      9 5 0      
6 40 0      9 4 0      
5 40 0      9 3 0      
4 40 0      9 52 0      
3 40 0      9 51 0      
2 40 0      10 51 0      
1 40 0      11 51 0      
50 40 0      12 51 0      
49 40 0      13 51 0      
48 40 0      14 51 0      
47 40 0      15 51 0      
46 40 0      16 51 0      
45 40 0      17 51 0      
44 40 0      18 51 0      
43 40 0      19 51 0      
42 40 0      20 51 0      
41 40 0      21 51 0      
40 40 0      22 51 0      
39 40 0      23 51 0      
38 40 0      24 51 0      
37 40 0      25 51 0      
36 40 0      26 51 0      
35 40 0      27 51 0      
34 40 0      28 51 0      
33 40 0      29 51 0      
32 40 0      30 51 0      
31 40 0      31 51 0      
30 40 0      32 51 0      
29 40 0      33 51 0      
28 40 0      34 51 0      
27 40 0      34 52 0      
26 40 0      34 3 0      
25 40 0      34 4 0      
24 40 0      33 4 0      
23 40 0      32 4 0      
22 40 0      31 4 0      
21 40 0      30 4 0      
20 40 0      29 4 0      
19 40 0      28 4 0      
18 40 0      27 4 0      
17 40 0      26 4 0      
16 40 0      25 4 0      
15 40 0      24 4 0      
14 40 0      23 4 0      
13 40 0      22 4 0      
12 40 0      21 4 0      
11 40 0      20 4 0      
10 40 0       20 4 1      
10 40 0      19 4 0      
9 40 0      18 4 0      
8 40 0      17 4 0      
7 40 0      16 4 0      
6 40 0      15 4 0      
5 40 0      14 4 0      
4 40 0      13 4 0      
3 40 0      13 5 0      
2 40 0      13 6 0      
1 40 0      12 6 0      
50 40 0      11 6 0      
49 40 0      11 5 0      
48 40 0      11 4 0      
47 40 0      11 3 0      
46 40 0      11 52 0      
45 40 0      11 51 0      
44 40 0      11 50 0      
43 40 0      11 49 0      
42 40 0      11 48 0      
41 40 0      11 47 0      
40 40 0      11 46 0      
39 40 0      11 45 0      
38 40 0      11 44 0      
37 40 0      11 43 0      
36 40 0      11 42 0      
35 40 0      11 41 0      
34 40 0      11 40 0      
33 40 0      12 40 0      
32 40 0      13 40 0      
31 40 0      14 40 0      
30 40 0      15 40 0      
29 40 0      16 40 0      
28 40 0      17 40 0      
27 40 0      18 40 0      
26 40 0      18 41 0      
25 40 0      18 42 0      
24 40 0      18 43 0      
23 40 0      18 44 0      
22 40 0      19 44 0      
21 40 0      19 45 0      
20 40 0      19 46 0      
19 40 0      19 47 0      
18 40 0      19 48 0      
17 40 0      19 49 0      
16 40 0      19 50 0      
15 40 0      19 51 0      
14 40 0      19 52 0      
13 40 0      19 3 0      
12 40 0      19 4 0      
11 40 0      19 5 0      
10 40 0      19 6 0      
9 40 0      19 7 0      
8 40 0      20 7 0      
7 40 0      21 7 0      
6 40 0      22 7 0      
