10 40 0      40 20 0      
9 40 0      40 21 0      
8 40 0      40 22 0      
7 40 0       40 22 1      
7 40 0      40 23 0      
6 40 0      40 24 0      
5 40 0       40 24 1      
5 40 0      40 25 0      
4 40 0      40 26 0      
3 40 0      40 27 0      
2 40 1      41 27 0      
1 40 0      42 27 0      
0 40 0       42 27 1      
50 40 0      43 27 0      
49 40 0      44 27 0      
48 40 0      45 27 0      
47 40 0      45 28 0      
46 40 0      45 29 0      
45 40 0      45 30 0      
44 40 0      45 31 0      
43 40 0      45 32 0      
42 40 0      45 33 0      
41 40 0      45 34 0      
40 40 0      45 35 0      
39 40 0      45 36 0      
38 40 0      45 37 0      
37 40 0      46 37 0      
36 40 0      47 37 0      
35 40 0       47 37 1      
35 40 0      48 37 0      
34 40 0      49 37 0      
33 40 0      0 37 0      
32 40 0      1 37 0      
31 40 0      2 37 0      
30 40 0      3 37 0      
29 40 0      4 37 0      
28 40 0      5 37 0      
27 40 0      6 37 0      
26 40 0      7 37 0      
25 40 0      8 37 0      
24 40 0      9 37 0      
23 40 0      9 36 0      
22 40 0      9 35 0      
21 40 0      9 34 0      
20 40 0      9 33 0      
19 40 0      9 32 0      
18 40 0      10 32 0      
17 40 0      11 32 0      
16 40 0      12 32 0      
15 40 0      13 32 0      
14 40 0      14 32 0      
13 40 0      15 32 0      
12 40 0      16 32 0      
11 40 0      17 32 0      
10 40 0      18 32 0      
9 40 0      19 32 0      
8 40 0      20 32 0      
7 40 0      21 32 0      
6 40 0      22 32 0      
5 40 0      23 32 0      
4 40 0      24 32 0      
3 40 0      25 32 0      
2 40 0      26 32 0      
1 40 0      27 32 0      
50 40 0      28 32 0      
49 40 0      29 32 0      
48 40 0      30 32 0      
47 40 0      31 32 0      
46 40 0       31 32 1      
46 40 0      32 32 0      
45 40 0      33 32 0      
44 40 0      34 32 0      
43 40 0      35 32 0      
42 40 0      36 32 0      
41 40 0      37 32 0      
40 40 0      38 32 0      
39 40 0      39 32 0      
38 40 0      40 32 0      
37 40 0      41 32 0      
36 40 0       41 32 1      
36 40 0      42 32 0      
35 40 0      43 32 0      
34 40 0       43 32 1      
34 40 0       43 32 1      
34 40 0      43 31 0      
33 40 0      43 30 0      
32 40 0      43 29 0      
31 40 0      44 29 0      
30 40 0      45 29 0      
29 40 0      46 29 0      
28 40 0      47 29 0      
27 40 0      48 29 0      
26 40 0      49 29 0      
25 40 0      0 29 0      
24 40 0      1 29 0      
23 40 0      2 29 0      
22 40 0      3 29 0      
21 40 0      3 30 0      
20 40 0      3 31 0      
19 40 0      3 32 0      
18 40 0      3 33 0      
17 40 0      3 34 0      
16 40 0      3 35 0      
15 40 0      3 36 0      
14 40 0      3 37 0      
13 40 0      3 38 0      
12 40 0      2 38 0      
11 40 0      1 38 0      
10 40 0      0 38 0      
9 40 0      49 38 0      
8 40 0      48 38 0      
7 40 0      47 38 0      
6 40 0      46 38 0      
5 40 0      45 38 0      
4 40 0      44 38 0      
3 40 0      44 39 0      
2 40 0      43 39 0      
1 40 0      42 39 0      
50 40 0      41 39 0      
49 40 0      41 40 0      
48 40 0      41 41 0      
47 40 0      41 42 0      
46 40 0      41 43 0      
45 40 0      41 44 0      
44 40 0      41 45 0      
43 40 0      41 46 0      
42 40 0      41 47 0      
41 40 0       41 47 1      
41 40 0      41 48 0      
40 40 0      41 49 0      
39 40 0      41 50 0      
38 40 0      41 51 0      
37 40 0      41 52 0      
36 40 0      41 3 0      
35 40 0      41 4 0      
34 40 0      41 5 0      
33 40 0       41 5 1      
33 40 0      41 6 0      
32 40 0      41 7 0      
31 40 0      41 8 0      
30 40 0      41 9 0      
29 40 0      41 10 0      
28 40 0      41 11 0      
27 40 0      41 12 0      
26 40 0      41 13 0      
25 40 0      41 14 0      
24 40 0      41 15 0      
23 40 0      41 16 0      
22 40 0      41 17 0      
21 40 0      41 18 0      
20 40 0      42 18 0      
19 40 0      43 18 0      
18 40 0      44 18 0      
17 40 0      45 18 0      
16 40 0      46 18 0      
15 40 0      47 18 0      
14 40 0      48 18 0      
13 40 0      48 17 0      
12 40 0      48 16 0      
11 40 0      48 15 0      
10 40 0      48 14 0      
9 40 0      48 13 0      
8 40 0      48 12 0      
7 40 0      48 11 0      
6 40 0      48 10 0      
5 40 0      48 9 0      
4 40 0      48 8 0      
3 40 0      48 7 0      
2 40 0      48 6 0      
1 40 0      48 5 0      
50 40 0      48 4 0      
49 40 0      48 3 0      
48 40 0      48 52 0      
47 40 0      48 51 0      
46 40 0      48 50 0      
45 40 0      48 49 0      
44 40 0      48 48 0      
43 40 0      48 47 0      
42 40 0      48 46 0      
41 40 0      48 45 0      
40 40 0      48 44 0      
39 40 0      48 43 0      
38 40 0      48 42 0      
37 40 0      48 41 0      
36 40 0      48 40 0      
35 40 0      48 39 0      
34 40 0      48 38 0      
33 40 0      48 37 0      
32 40 0      49 37 0      
31 40 0      0 37 0      
30 40 0      1 37 0      
29 40 0      2 37 0      
28 40 0      3 37 0      
27 40 0      4 37 0      
26 40 0      5 37 0      
25 40 0      6 37 0      
24 40 0      7 37 0      
23 40 0      8 37 0      
22 40 0      9 37 0      
21 40 0      10 37 0      
20 40 0      11 37 0      
19 40 0      12 37 0      
18 40 0      13 37 0      
17 40 0      14 37 0      
16 40 0      15 37 0      
15 40 0      16 37 0      
14 40 0      17 37 0      
13 40 0      17 38 0      
12 40 0       17 38 1      
12 40 0      17 39 0      
11 40 0      17 40 0      
10 40 0      18 40 0      
9 40 0      19 40 0      
8 40 0      19 41 0      
7 40 0      18 41 0      
6 40 0      17 41 0      
5 40 0      17 42 0      
4 40 0      17 43 0      
3 40 0      17 44 0      
2 40 0      17 45 0      
1 40 0      16 45 0      
50 40 0      15 45 0      
49 40 0      14 45 0      
48 40 0      13 45 0      
47 40 0      13 44 0      
46 40 0      13 43 0      
45 40 0      13 42 0      
44 40 0      13 41 0      
43 40 0      13 40 0      
42 40 0      13 39 0      
41 40 0      13 38 0      
40 40 0      13 37 0      
39 40 0      13 36 0      
38 40 0      12 36 0      
37 40 0      11 36 0      
36 40 0      10 36 0      
35 40 0      9 36 0      
34 40 0      8 36 0      
33 40 0      7 36 0      
32 40 0      6 36 0      
31 40 0      6 35 0      
30 40 0      6 34 0      
29 40 0      6 33 0      
28 40 0      6 32 0      
27 40 0      6 31 0      
26 40 0      6 30 0      
25 40 0      7 30 0      
24 40 0      8 30 0      
23 40 0      9 30 0      
22 40 0      10 30 0      
21 40 0      11 30 0      
20 40 0      12 30 0      
19 40 0      13 30 0      
18 40 0      14 30 0      
17 40 0      15 30 0      
16 40 0      16 30 0      
15 40 0      17 30 0      
14 40 0      18 30 0      
13 40 0      19 30 0      
12 40 0      20 30 0      
11 40 0      21 30 0      
10 40 0      22 30 0      
9 40 0      23 30 0      
8 40 0      24 30 0      
7 40 0      25 30 0      
6 40 0      26 30 0      
5 40 0       26 30 1      
5 40 0      27 30 0      
4 40 0      28 30 0      
3 40 0      29 30 0      
2 40 0      30 30 0      
1 40 0      31 30 0      
0 40 0       31 30 1      
50 40 0      32 30 0      
49 40 0      33 30 0      
48 40 0      34 30 0      
47 40 0      35 30 0      
46 40 0      36 30 0      
45 40 0      37 30 0      
44 40 0      38 30 0      
43 40 0      39 30 0      
42 40 0      40 30 0      
41 40 0      41 30 0      
40 40 0      42 30 0      
39 40 0      43 30 0      
38 40 0      44 30 0      
37 40 0      45 30 0      
36 40 0      46 30 0      
35 40 0      47 30 0      
34 40 0      48 30 0      
33 40 0      49 30 0      
32 40 0      0 30 0      
31 40 0      1 30 0      
30 40 0      2 30 0      
29 40 0      3 30 0      
28 40 0      4 30 0      
27 40 0      5 30 0      
26 40 0      6 30 0      
25 40 0      7 30 0      
24 40 0      8 30 0      
23 40 0      9 30 0      
22 40 0      10 30 0      
21 40 0      11 30 0      
20 40 0      12 30 0      
19 40 0      13 30 0      
18 40 0      14 30 0      
17 40 0      14 31 0      
16 40 0      14 32 0      
15 40 0      14 33 0      
14 40 0      14 34 0      
13 40 0      14 35 0      
12 40 0      14 36 0      
11 40 0      13 36 0      
10 40 0      13 35 0      
9 40 0      13 34 0      
8 40 0      13 33 0      
7 40 0      13 32 0      
6 40 0      13 31 0      
5 40 0      14 31 0      
4 40 0      15 31 0      
3 40 0      16 31 0      
2 40 0      17 31 0      
1 40 0      18 31 0      
50 40 0      19 31 0      
49 40 0      20 31 0      
48 40 0      21 31 0      
47 40 0      22 31 0      
46 40 0      23 31 0      
45 40 0      24 31 0      
44 40 0      25 31 0      
43 40 0      26 31 0      
42 40 0      27 31 0      
41 40 0      28 31 0      
40 40 0      29 31 0      
39 40 0      30 31 0      
38 40 0      31 31 0      
37 40 0      32 31 0      
36 40 0      33 31 0      
35 40 0      34 31 0      
34 40 0      35 31 0      
33 40 0      36 31 0      
32 40 0      36 30 0      
31 40 0      35 30 0      
30 40 0      34 30 0      
29 40 0      34 31 0      
28 40 0      34 32 0      
27 40 0      34 33 0      
26 40 0      34 34 0      
25 40 0      34 35 0      
24 40 0      34 36 0      
23 40 0      34 37 0      
22 40 0      34 38 0      
21 40 0      34 39 0      
20 40 0      34 40 0      
19 40 0      34 41 0      
18 40 0      34 42 0      
17 40 0      34 43 0      
16 40 0      34 44 0      
15 40 0      34 45 0      
14 40 0      34 46 0      
13 40 0      34 47 0      
12 40 0      34 48 0      
11 40 0      34 49 0      
10 40 0      34 50 0      
9 40 0      34 51 0      
8 40 0      34 52 0      
7 40 0      34 3 0      
6 40 0      34 4 0      
5 40 0      34 5 0      
4 40 0      34 6 0      
3 40 0      34 7 0      
2 40 0      34 8 0      
1 40 0      34 9 0      
50 40 0      34 10 0      
49 40 0      34 11 0      
48 40 0      34 12 0      
47 40 0      34 13 0      
46 40 0       34 13 1      
46 40 0      34 14 0      
45 40 0       34 14 1      
45 40 0      33 14 0      
44 40 0      32 14 0      
43 40 0      31 14 0      
42 40 0       31 14 1      
42 40 0      30 14 0      
41 40 0      30 15 0      
40 40 0      30 16 0      
39 40 0      30 17 0      
38 40 0      30 18 0      
37 40 0      30 19 0      
36 40 0      30 20 0      
35 40 0      30 21 0      
34 40 0      30 22 0      
33 40 0      31 22 0      
32 40 0      32 22 0      
31 40 0      33 22 0      
30 40 0      34 22 0      
29 40 0      35 22 0      
28 40 0      36 22 0      
27 40 0      37 22 0      
26 40 0      38 22 0      
25 40 0       38 22 1      
25 40 0      39 22 0      
24 40 0      40 22 0      
23 40 0      41 22 0      
22 40 0      42 22 0      
21 40 0      43 22 0      
20 40 0      43 23 0      
19 40 0      43 24 0      
18 40 0      43 25 0      
17 40 0      43 26 0      
16 40 0      43 27 0      
15 40 0      43 28 0      
14 40 0      43 29 0      
13 40 0      43 30 0      
12 40 0      43 31 0      
11 40 0      43 32 0      
10 40 0      43 33 0      
9 40 0      43 34 0      
8 40 0      43 35 0      
7 40 0      43 36 0      
6 40 0      43 37 0      
5 40 0      43 38 0      
4 40 0      43 39 0      
3 40 0      43 40 0      
2 40 0      43 41 0      
1 40 0      43 42 0      
50 40 0      43 43 0      
49 40 0      43 44 0      
48 40 0      43 45 0      
47 40 0       43 45 1      
47 40 0      43 46 0      
46 40 0      43 47 0      
45 40 0      43 48 0      
44 40 0      43 49 0      
43 40 0      43 50 0      
42 40 0      43 51 0      
41 40 0      43 52 0      
40 40 0      43 3 0      
39 40 0       43 3 1      
39 40 0      43 4 0      
38 40 0      43 5 0      
37 40 0      43 6 0      
36 40 0      43 7 0      
35 40 0      43 8 0      
34 40 0      43 9 0      
33 40 0      43 10 0      
32 40 0      43 11 0      
31 40 0      43 12 0      
30 40 0      43 13 0      
29 40 0      43 14 0      
28 40 0      42 14 0      
27 40 0      41 14 0      
26 40 0      40 14 0      
25 40 0      39 14 0      
24 40 0      38 14 0      
23 40 0      37 14 0      
22 40 0      36 14 0      
21 40 0      35 14 0      
20 40 0      34 14 0      
19 40 0      33 14 0      
18 40 0      32 14 0      
17 40 0      32 13 0      
16 40 0      32 12 0      
15 40 0      32 11 0      
14 40 0      32 10 0      
13 40 0      31 10 0      
12 40 0      31 9 0      
11 40 0      31 8 0      
10 40 0      32 8 0      
9 40 0      33 8 0      
8 40 0      34 8 0      
7 40 0      35 8 0      
6 40 0       35 8 1      
6 40 0      36 8 0      
5 40 0      36 7 0      
4 40 0      36 6 0      
3 40 0      36 5 0      
2 40 0      37 5 0      
1 40 0      38 5 0      
50 40 0      39 5 0      
49 40 0      40 5 0      
48 40 0      41 5 0      
47 40 0      41 6 0      
46 40 0      41 7 0      
45 40 0      40 7 0      
44 40 0      40 8 0      
43 40 0      40 9 0      
42 40 0      40 10 0      
41 40 0      40 11 0      
40 40 0      40 12 0      
39 40 0      41 12 0      
38 40 0      42 12 0      
37 40 0      43 12 0      
36 40 0      44 12 0      
35 40 0      45 12 0      
34 40 0      46 12 0      
33 40 0       46 12 1      
33 40 0      47 12 0      
32 40 0      47 13 0      
31 40 0      47 14 0      
30 40 0      47 15 0      
29 40 0       47 15 1      
29 40 0      47 16 0      
28 40 0      47 17 0      
27 40 0      47 18 0      
26 40 0      46 18 0      
25 40 0      45 18 0      
24 40 0      44 18 0      
23 40 0      43 18 0      
22 40 0      42 18 0      
21 40 0      41 18 0      
20 40 0      40 18 0      
19 40 0      39 18 0      
18 40 0      38 18 0      
17 40 0      37 18 0      
16 40 0      36 18 0      
15 40 0      35 18 0      
14 40 0      34 18 0      
13 40 0      33 18 0      
12 40 0      32 18 0      
11 40 0      31 18 0      
10 40 0      30 18 0      
9 40 0      29 18 0      
8 40 0      28 18 0      
7 40 0      27 18 0      
6 40 0      26 18 0      
5 40 0      25 18 0      
4 40 0      24 18 0      
3 40 0      23 18 0      
2 40 0      23 19 0      
1 40 0      22 19 0      
50 40 0      21 19 0      
49 40 0      21 20 0      
48 40 0      21 21 0      
47 40 0      21 22 0      
46 40 0      21 23 0      
45 40 0      21 24 0      
44 40 0      21 25 0      
43 40 0      21 26 0      
42 40 0      21 27 0      
41 40 0      21 28 0      
40 40 0      21 29 0      
39 40 0      21 30 0      
38 40 0      21 31 0      
37 40 0      21 32 0      
36 40 0      21 33 0      
35 40 0      21 34 0      
34 40 0      21 35 0      
33 40 0      21 36 0      
32 40 0      21 37 0      
31 40 0      21 38 0      
30 40 0      21 39 0      
29 40 0      21 40 0      
28 40 0      21 41 0      
27 40 0      21 42 0      
26 40 0      21 43 0      
25 40 0      21 44 0      
24 40 0      21 45 0      
23 40 0      21 46 0      
22 40 0      21 47 0      
21 40 0      21 48 0      
20 40 0      21 49 0      
19 40 0      21 50 0      
18 40 0      21 51 0      
17 40 0      21 52 0      
16 40 0      21 3 0      
15 40 0      21 4 0      
14 40 0      21 5 0      
13 40 0      21 6 0      
12 40 0      21 7 0      
11 40 0      21 8 0      
10 40 0      21 9 0      
9 40 0      21 10 0      
8 40 0      21 11 0      
7 40 0      21 12 0      
6 40 0      21 13 0      
5 40 0      21 14 0      
4 40 0      21 15 0      
3 40 0      21 16 0      
2 40 0      20 16 0      
1 40 0      19 16 0      
50 40 0      18 16 0      
49 40 0      17 16 0      
48 40 0      16 16 0      
47 40 0      15 16 0      
46 40 0      14 16 0      
45 40 0      13 16 0      
44 40 0      12 16 0      
43 40 0      11 16 0      
42 40 0      10 16 0      
41 40 0      9 16 0      
40 40 0      9 17 0      
39 40 0      9 18 0      
38 40 0      8 18 0      
37 40 0      7 18 0      
36 40 0      6 18 0      
35 40 0      5 18 0      
34 40 0      4 18 0      
33 40 0      3 18 0      
32 40 0      2 18 0      
31 40 0      1 18 0      
30 40 0      0 18 0      
29 40 0      49 18 0      
28 40 0      48 18 0      
27 40 0      47 18 0      
26 40 0      46 18 0      
25 40 0      45 18 0      
24 40 0      44 18 0      
23 40 0      43 18 0      
22 40 0      43 19 0      
21 40 0      43 20 0      
20 40 0      43 21 0      
19 40 0      43 22 0      
18 40 0      43 23 0      
17 40 0      43 24 0      
16 40 0      42 24 0      
15 40 0      41 24 0      
14 40 0      40 24 0      
13 40 0      39 24 0      
12 40 0      38 24 0      
11 40 0      37 24 0      
10 40 0      36 24 0      
9 40 0      35 24 0      
8 40 0      34 24 0      
7 40 0      33 24 0      
6 40 0      32 24 0      
5 40 0      31 24 0      
4 40 0      30 24 0      
3 40 0      29 24 0      
2 40 0      28 24 0      
1 40 0      27 24 0      
50 40 0      26 24 0      
49 40 0      25 24 0      
48 40 0      24 24 0      
47 40 0      23 24 0      
46 40 0      22 24 0      
45 40 0       22 24 1      
45 40 0      21 24 0      
44 40 0      20 24 0      
43 40 0      19 24 0      
42 40 0      18 24 0      
41 40 0      17 24 0      
40 40 0      16 24 0      
39 40 0      15 24 0      
38 40 0      14 24 0      
37 40 0      13 24 0      
36 40 0      12 24 0      
35 40 0      11 24 0      
34 40 0      11 23 0      
33 40 0      11 22 0      
32 40 0      11 21 0      
31 40 0      11 20 0      
30 40 0      11 19 0      
29 40 0      11 18 0      
28 40 0      11 17 0      
27 40 0      12 17 0      
26 40 0      13 17 0      
25 40 0      14 17 0      
24 40 0      15 17 0      
23 40 0      16 17 0      
22 40 0      17 17 0      
21 40 0      18 17 0      
20 40 0      19 17 0      
19 40 0      20 17 0      
18 40 0      21 17 0      
17 40 0      21 18 0      
16 40 0      21 19 0      
15 40 0      21 20 0      
14 40 0      21 21 0      
13 40 0      21 22 0      
12 40 0      21 23 0      
11 40 0      21 24 0      
10 40 0      21 25 0      
9 40 0      21 26 0      
8 40 0      21 27 0      
7 40 0      21 28 0      
6 40 0      21 29 0      
5 40 0      21 30 0      
4 40 0      21 31 0      
3 40 0      21 32 0      
2 40 0      21 33 0      
1 40 0      21 34 0      
50 40 0      21 35 0      
49 40 0      21 36 0      
48 40 0      21 37 0      
47 40 0      21 38 0      
46 40 0      20 38 0      
45 40 0      19 38 0      
44 40 0      18 38 0      
43 40 0      17 38 0      
42 40 0      16 38 0      
41 40 0      15 38 0      
40 40 0      14 38 0      
39 40 0      13 38 0      
38 40 0      12 38 0      
37 40 0      11 38 0      
36 40 0      10 38 0      
35 40 0      9 38 0      
34 40 0      8 38 0      
33 40 0      7 38 0      
32 40 0      6 38 0      
31 40 0      5 38 0      
30 40 0      4 38 0      
29 40 0      3 38 0      
28 40 0      2 38 0      
27 40 0      1 38 0      
26 40 0      0 38 0      
25 40 0      49 38 0      
24 40 0      48 38 0      
23 40 0      47 38 0      
22 40 0      46 38 0      
21 40 0      45 38 0      
20 40 0      44 38 0      
19 40 0      43 38 0      
18 40 0      43 39 0      
17 40 0      43 40 0      
16 40 0      43 41 0      
15 40 0      42 41 0      
14 40 0      41 41 0      
13 40 0      40 41 0      
12 40 0      39 41 0      
11 40 0      38 41 0      
10 40 0      37 41 0      
9 40 0      36 41 0      
8 40 0      35 41 0      
7 40 0      34 41 0      
6 40 0      33 41 0      
5 40 0      32 41 0      
4 40 0      31 41 0      
3 40 0      30 41 0      
2 40 0      30 40 0      
1 40 0      31 40 0      
50 40 0      32 40 0      
49 40 0      32 39 0      
48 40 0      33 39 0      
47 40 0      34 39 0      
46 40 0      35 39 0      
45 40 0       35 39 1      
45 40 0      36 39 0      
44 40 0      37 39 0      
43 40 0      38 39 0      
42 40 0      39 39 0      
41 40 0      40 39 0      
40 40 0      41 39 0      
39 40 0      42 39 0      
38 40 0      43 39 0      
37 40 0      44 39 0      
36 40 0      45 39 0      
35 40 0      46 39 0      
34 40 0      47 39 0      
33 40 0      48 39 0      
32 40 0      49 39 0      
31 40 0      -1 38 0      
30 40 0      -1 37 0      
29 40 0      -1 36 0      
28 40 0      -2 36 0      
27 40 0      49 36 0      
26 40 0      48 36 0      
25 40 0      47 36 0      
24 40 0      46 36 0      
23 40 0      45 36 0      
22 40 0      44 36 0      
21 40 0      43 36 0      
20 40 0      42 36 0      
19 40 0      41 36 0      
18 40 0      40 36 0      
17 40 0      39 36 0      
16 40 0      39 35 0      
15 40 0      39 34 0      
14 40 0      39 33 0      
13 40 0      39 32 0      
12 40 0      39 31 0      
11 40 0      39 30 0      
10 40 0      39 29 0      
9 40 0      39 28 0      
8 40 0      39 27 0      
7 40 0      39 26 0      
6 40 0      39 25 0      
5 40 0      39 24 0      
4 40 0      39 23 0      
3 40 0      39 22 0      
2 40 0      40 22 0      
1 40 0      41 22 0      
50 40 0      41 23 0      
49 40 0      42 23 0      
48 40 0      43 23 0      
47 40 0      44 23 0      
46 40 0      45 23 0      
45 40 0      46 23 0      
44 40 0      47 23 0      
43 40 0      48 23 0      
42 40 0       48 23 1      
42 40 0      49 23 0      
41 40 0      0 23 0      
40 40 0      0 24 0      
39 40 0      0 25 0      
38 40 0      1 25 0      
37 40 0      2 25 0      
36 40 0      3 25 0      
35 40 0      4 25 0      
34 40 0      4 26 0      
33 40 0      4 27 0      
32 40 0      4 28 0      
31 40 0      4 29 0      
30 40 0      4 30 0      
29 40 0      4 31 0      
28 40 0      4 32 0      
27 40 0      4 33 0      
26 40 0      4 34 0      
25 40 0      4 35 0      
24 40 0      4 36 0      
23 40 0      4 37 0      
22 40 0      4 38 0      
21 40 0      4 39 0      
20 40 0      4 40 0      
19 40 0      4 41 0      
18 40 0      4 42 0      
17 40 0      4 43 0      
16 40 0      4 44 0      
15 40 0      4 45 0      
14 40 0      4 46 0      
13 40 0      4 47 0      
12 40 0      3 47 0      
11 40 0      2 47 0      
10 40 0      1 47 0      
9 40 0       1 47 1      
9 40 0      0 47 0      
8 40 0      49 47 0      
7 40 0      48 47 0      
6 40 0      47 47 0      
5 40 0       47 47 1      
5 40 0      46 47 0      
4 40 0      45 47 0      
3 40 0      45 46 0      
2 40 0      45 45 0      
1 40 0      45 44 0      
50 40 0      45 43 0      
49 40 0      46 43 0      
48 40 0      47 43 0      
47 40 0      48 43 0      
46 40 0      49 43 0      
45 40 0      -1 44 0      
44 40 0      -1 45 0      
43 40 0      -1 46 0      
42 40 0      -1 47 0      
41 40 0      -1 48 0      
40 40 0      -1 49 0      
39 40 0      -1 50 0      
38 40 0      0 50 0      
37 40 0      1 50 0      
36 40 0      2 50 0      
35 40 0      3 50 0      
34 40 0      4 50 0      
33 40 0      5 50 0      
32 40 0      6 50 0      
31 40 0      7 50 0      
30 40 0      8 50 0      
29 40 0      9 50 0      
28 40 0      10 50 0      
27 40 0      11 50 0      
26 40 0      12 50 0      
25 40 0      13 50 0      
24 40 0      14 50 0      
23 40 0      15 50 0      
22 40 0      16 50 0      
21 40 0      17 50 0      
20 40 0      18 50 0      
19 40 0      19 50 0      
18 40 0      20 50 0      
17 40 0      21 50 0      
16 40 0      22 50 0      
15 40 0      23 50 0      
14 40 0      24 50 0      
13 40 0      25 50 0      
12 40 0      26 50 0      
11 40 0      27 50 0      
10 40 0      28 50 0      
9 40 0      29 50 0      
8 40 0      30 50 0      
7 40 0      31 50 0      
6 40 0      32 50 0      
5 40 0      33 50 0      
4 40 0      33 51 0      
3 40 0      33 52 0      
