10 40 0      40 20 0      
9 40 0      40 21 0      
8 40 0      40 22 0      
7 40 0      40 23 0      
6 40 0      41 23 0      
5 40 0      42 23 0      
4 40 0      43 23 0      
3 40 0      44 23 0      
2 40 0      45 23 0      
1 40 0      46 23 0      
0 40 0       46 23 1      
50 40 0      47 23 0      
49 40 0      48 23 0      
48 40 0      49 23 0      
47 40 0      0 23 0      
46 40 0      1 23 0      
45 40 0      2 23 0      
44 40 0      3 23 0      
43 40 0      4 23 0      
42 40 1      42 40 1      5 23 0      
41 40 0      6 23 0      
40 40 0      7 23 0      
39 40 1      8 23 0      
38 40 0      9 23 0      
37 40 0      10 23 0      
36 40 1      11 23 0      
35 40 0      12 23 0      
34 40 0      13 23 0      
33 40 0      14 23 0      
32 40 0      15 23 0      
31 40 0      15 22 0      
30 40 0      15 21 0      
29 40 0      15 20 0      
28 40 0      15 19 0      
27 40 0      15 18 0      
26 40 0      15 17 0      
25 40 0      15 16 0      
24 40 0      15 15 0      
23 40 0      16 15 0      
22 40 0      17 15 0      
21 40 0      17 16 0      
20 40 0      17 17 0      
19 40 0      17 18 0      
18 40 0      17 19 0      
17 40 0      17 20 0      
16 40 0      17 21 0      
15 40 0      17 22 0      
14 40 0      17 23 0      
13 40 0      17 24 0      
12 40 0      17 25 0      
11 40 0      17 26 0      
10 40 0      17 27 0      
9 40 0      17 28 0      
8 40 0      17 29 0      
7 40 0      16 29 0      
6 40 0      15 29 0      
5 40 0      14 29 0      
4 40 0      13 29 0      
3 40 0      12 29 0      
2 40 0      11 29 0      
1 40 0      10 29 0      
50 40 0      9 29 0      
49 40 0      8 29 0      
48 40 0      7 29 0      
47 40 0      6 29 0      
46 40 0      5 29 0      
45 40 0      4 29 0      
44 40 0      3 29 0      
43 40 0      2 29 0      
42 40 0      1 29 0      
41 40 0      0 29 0      
40 40 0      49 29 0      
39 40 0      49 30 0      
38 40 0      50 30 0      
37 40 0      0 30 0      
36 40 0      1 30 0      
35 40 0      2 30 0      
34 40 0      3 30 0      
