10 40 0      40 20 0      
9 40 1      41 20 0      
8 40 0      42 20 0      
7 40 0      43 20 0      
6 40 0      43 19 0      
5 40 0      43 18 0      
4 40 0      43 17 0      
3 40 0      43 16 0      
2 40 0      43 15 0      
1 40 0      43 14 0      
50 40 0      43 13 0      
49 40 0      43 12 0      
48 40 0      42 12 0      
47 40 0      41 12 0      
46 40 0       41 12 1      
46 40 0      40 12 0      
45 40 0      39 12 0      
44 40 0      38 12 0      
43 40 0      37 12 0      
42 40 0      36 12 0      
41 40 0      35 12 0      
40 40 0      34 12 0      
39 40 0      33 12 0      
38 40 0      32 12 0      
37 40 0      31 12 0      
36 40 0      30 12 0      
35 40 0      29 12 0      
34 40 0      28 12 0      
33 40 1      27 12 0      
32 40 0      26 12 0      
31 40 0      25 12 0      
30 40 0      25 13 0      
29 40 0      25 14 0      
28 40 0      25 15 0      
27 40 0      25 16 0      
26 40 0      25 17 0      
25 40 0       25 17 1      
25 40 0      25 18 0      
24 40 0      25 19 0      
23 40 0      25 20 0      
22 40 0      25 21 0      
21 40 0      25 22 0      
20 40 0      24 22 0      
19 40 0      23 22 0      
18 40 0      22 22 0      
17 40 0      21 22 0      
16 40 0      20 22 0      
15 40 0      19 22 0      
14 40 0      18 22 0      
13 40 0      17 22 0      
12 40 0      16 22 0      
11 40 0      15 22 0      
10 40 0      15 21 0      
9 40 0      15 20 0      
8 40 0      15 19 0      
7 40 0      15 18 0      
6 40 0      16 18 0      
5 40 0      17 18 0      
4 40 0       17 18 1      
4 40 0      18 18 0      
3 40 0      19 18 0      
2 40 0      20 18 0      
1 40 0      21 18 0      
50 40 0      22 18 0      
49 40 0      23 18 0      
48 40 0      24 18 0      
47 40 0      25 18 0      
46 40 0      26 18 0      
45 40 0      27 18 0      
44 40 0      28 18 0      
43 40 0      29 18 0      
42 40 0      30 18 0      
41 40 0      30 17 0      
40 40 0       30 17 1      
