10 40 0      40 20 0      
9 40 0      40 21 0      
8 40 0      40 22 0      
7 40 0      40 23 0      
6 40 0      40 24 0      
5 40 0      40 25 0      
4 40 0      40 26 0      
3 40 0      40 27 0      
2 40 0      40 28 0      
1 40 0       40 28 1      
1 40 0      40 29 0      
50 40 0      40 30 0      
49 40 0      40 31 0      
48 40 0      40 32 0      
47 40 0      40 33 0      
46 40 1      40 34 0      
45 40 0      40 35 0      
44 40 0      40 36 0      
43 40 0      40 37 0      
42 40 0      39 37 0      
41 40 0      38 37 0      
40 40 0       38 37 1      
40 40 0      37 37 0      
39 40 0      36 37 0      
38 40 0      35 37 0      
37 40 0      34 37 0      
36 40 0      33 37 0      
35 40 0      32 37 0      
34 40 0      31 37 0      
33 40 0      30 37 0      
32 40 0      29 37 0      
31 40 0      28 37 0      
30 40 0      27 37 0      
29 40 0      26 37 0      
28 40 0      25 37 0      
27 40 0      24 37 0      
26 40 0      23 37 0      
25 40 1      22 37 0      
24 40 0      22 36 0      
23 40 0      22 35 0      
22 40 0      22 34 0      
21 40 0      22 33 0      
20 40 1      22 32 0      
19 40 0      22 31 0      
18 40 0      22 30 0      
17 40 0      22 29 0      
16 40 0      22 28 0      
15 40 0      22 27 0      
14 40 0      22 26 0      
13 40 0      22 25 0      
12 40 0      22 24 0      
11 40 0      22 23 0      
10 40 0      22 22 0      
9 40 0      22 21 0      
8 40 0      21 21 0      
7 40 0      20 21 0      
6 40 0      19 21 0      
5 40 0      19 22 0      
4 40 0      19 23 0      
3 40 0      19 24 0      
2 40 0      19 25 0      
1 40 0      19 26 0      
50 40 0      19 27 0      
49 40 0      19 28 0      
48 40 0      19 29 0      
47 40 0      19 30 0      
46 40 0      19 31 0      
45 40 0      19 32 0      
44 40 0      19 33 0      
43 40 0      19 34 0      
42 40 0      18 34 0      
41 40 0      17 34 0      
40 40 0      16 34 0      
39 40 0      15 34 0      
38 40 0       15 34 1      
38 40 0      14 34 0      
37 40 0      13 34 0      
36 40 0      12 34 0      
