10 40 0      40 20 0      
9 40 1      40 21 0      
8 40 0      40 22 0      
7 40 0      40 23 0      
6 40 0      40 24 0      
5 40 0      40 25 0      
4 40 1      40 26 0      
3 40 0      40 27 0      
2 40 0      40 28 0      
1 40 1      40 29 0      
0 40 0       40 29 1      
50 40 0      40 30 0      
49 40 0      40 31 0      
48 40 0      40 32 0      
47 40 0      40 33 0      
46 40 0      40 34 0      
45 40 0      40 35 0      
44 40 0      40 36 0      
43 40 0      41 36 0      
42 40 0      42 36 0      
41 40 0      42 37 0      
40 40 0      42 38 0      
39 40 0      42 39 0      
38 40 0      42 40 0      
37 40 0      42 41 0      
36 40 0      42 42 0      
35 40 0      42 43 0      
34 40 0      42 44 0      
33 40 0      42 45 0      
32 40 0      42 46 0      
31 40 0      42 47 0      
30 40 0       42 47 1      
30 40 0      42 48 0      
29 40 0      42 49 0      
28 40 0      41 49 0      
27 40 0      40 49 0      
26 40 0      39 49 0      
25 40 0      38 49 0      
24 40 0      37 49 0      
23 40 0      36 49 0      
22 40 1      35 49 0      
21 40 0      34 49 0      
20 40 0      33 49 0      
19 40 1      32 49 0      
18 40 0      31 49 0      
17 40 0      30 49 0      
16 40 0      30 50 0      
15 40 1      30 51 0      
14 40 0      30 52 0      
13 40 0      30 3 0      
12 40 0      30 4 0      
11 40 0       30 4 1      
11 40 0      30 5 0      
10 40 0      30 6 0      
9 40 0      31 6 0      
8 40 0      32 6 0      
7 40 0      33 6 0      
6 40 0      33 7 0      
5 40 0      33 8 0      
4 40 0      33 9 0      
3 40 0      33 10 0      
2 40 0      33 11 0      
1 40 0      33 12 0      
50 40 0      33 13 0      
49 40 0      32 13 0      
48 40 0      31 13 0      
47 40 0      30 13 0      
46 40 0      29 13 0      
45 40 0       29 13 1      
