10 40 0      40 20 0      
9 40 0      41 20 0      
8 40 0      42 20 0      
7 40 0      43 20 0      
6 40 0      44 20 0      
5 40 0      45 20 0      
4 40 0      45 21 0      
3 40 0      45 22 0      
2 40 0      45 23 0      
1 40 0       45 23 1      
1 40 0      45 24 0      
50 40 0      45 25 0      
49 40 0      45 26 0      
48 40 0      45 27 0      
47 40 0      45 28 0      
46 40 0      45 29 0      
45 40 0      45 30 0      
44 40 0      45 31 0      
43 40 0      46 31 0      
42 40 0      47 31 0      
41 40 0      48 31 0      
40 40 0      49 31 0      
39 40 0      0 31 0      
38 40 0      1 31 0      
37 40 0      1 30 0      
36 40 0      1 29 0      
35 40 0      1 28 0      
34 40 0      1 27 0      
33 40 0      1 26 0      
32 40 0      1 25 0      
31 40 0      1 24 0      
30 40 0      1 23 0      
29 40 0      0 23 0      
28 40 0      49 23 0      
27 40 0      48 23 0      
26 40 0      47 23 0      
25 40 0      46 23 0      
24 40 0      45 23 0      
23 40 0      44 23 0      
22 40 0      44 24 0      
21 40 0      44 25 0      
20 40 0      44 26 0      
19 40 0      44 27 0      
18 40 0      44 28 0      
17 40 0      44 29 0      
16 40 0      44 30 0      
15 40 0      45 30 0      
14 40 0      46 30 0      
13 40 0      47 30 0      
12 40 0      48 30 0      
11 40 0      49 30 0      
10 40 0      0 30 0      
9 40 0      1 30 0      
8 40 0      2 30 0      
7 40 0      2 29 0      
6 40 0      2 28 0      
5 40 0      2 27 0      
4 40 0      2 26 0      
3 40 0      2 25 0      
2 40 0      2 24 0      
1 40 0      2 23 0      
50 40 0      2 22 0      
49 40 0      2 21 0      
48 40 0      2 20 0      
47 40 0      2 19 0      
46 40 0      2 18 0      
45 40 0      2 17 0      
44 40 0      2 16 0      
43 40 0      2 15 0      
42 40 0      2 14 0      
41 40 0      2 13 0      
40 40 0      2 12 0      
39 40 0      2 11 0      
38 40 0      2 10 0      
37 40 0      2 9 0      
