10 40 0      40 20 0      
9 40 0      40 21 0      
8 40 0      39 21 0      
7 40 0      39 20 0      
6 40 0      40 20 0      
5 40 0      41 20 0      
4 40 0      42 20 0      
3 40 0      43 20 0      
2 40 0      44 20 0      
1 40 1      45 20 0      
50 40 0      46 20 0      
49 40 0      47 20 0      
48 40 0      47 21 0      
47 40 0      47 22 0      
46 40 1      47 23 0      
45 40 0      47 24 0      
44 40 0      47 25 0      
43 40 0      47 26 0      
42 40 0      47 27 0      
41 40 0      47 28 0      
40 40 0       47 28 1      
40 40 0      47 29 0      
39 40 0      47 30 0      
38 40 0      47 31 0      
37 40 0      47 32 0      
36 40 0      47 33 0      
35 40 0      47 34 0      
34 40 0      47 35 0      
33 40 0      47 36 0      
32 40 0      47 37 0      
31 40 0      47 38 0      
30 40 0      47 39 0      
29 40 0      47 40 0      
28 40 0      48 40 0      
27 40 0      49 40 0      
26 40 0      0 40 0      
25 40 0      1 40 0      
24 40 0      2 40 0      
23 40 0      3 40 0      
22 40 0      4 40 0      
21 40 0      5 40 0      
20 40 0      6 40 0      
19 40 1      7 40 0      
18 40 0      8 40 0      
17 40 0      9 40 0      
16 40 0      10 40 0      
15 40 0      11 40 0      
14 40 0      12 40 0      
13 40 0      13 40 0      
12 40 0      13 41 0      
11 40 0      12 41 0      
10 40 0      11 41 0      
9 40 0      10 41 0      
8 40 0      9 41 0      
7 40 0      8 41 0      
6 40 0      7 41 0      
5 40 0      6 41 0      
4 40 0      5 41 0      
3 40 0      4 41 0      
2 40 0      3 41 0      
1 40 0      2 41 0      
50 40 0      1 41 0      
49 40 0      0 41 0      
48 40 0      49 41 0      
47 40 0      48 41 0      
46 40 0      47 41 0      
45 40 0      46 41 0      
44 40 0      45 41 0      
43 40 0      44 41 0      
42 40 0      43 41 0      
41 40 0      43 40 0      
