10 40 0      40 20 0      
9 40 0      40 21 0      
8 40 0      40 22 0      
7 40 0      40 23 0      
6 40 0      39 23 0      
5 40 0      38 23 0      
4 40 0      37 23 0      
3 40 0      36 23 0      
2 40 0      35 23 0      
1 40 0      34 23 0      
50 40 0      33 23 0      
49 40 0      32 23 0      
48 40 0      31 23 0      
47 40 0      30 23 0      
46 40 0      29 23 0      
45 40 0      28 23 0      
44 40 0      28 22 0      
43 40 0      28 21 0      
42 40 0      28 20 0      
41 40 0      28 19 0      
40 40 0      28 18 0      
39 40 0      29 18 0      
38 40 0      30 18 0      
37 40 0      30 19 0      
36 40 0      31 19 0      
35 40 0      32 19 0      
34 40 0      32 20 0      
33 40 0      32 21 0      
32 40 0      32 22 0      
31 40 0      32 23 0      
30 40 0      32 24 0      
29 40 0      32 25 0      
28 40 1      32 26 0      
27 40 0      32 27 0      
26 40 1      32 28 0      
25 40 0      32 29 0      
24 40 0      32 30 0      
23 40 0      32 31 0      
22 40 0      32 32 0      
21 40 0      32 33 0      
20 40 0      32 34 0      
19 40 0      32 35 0      
18 40 0      32 36 0      
17 40 0      32 37 0      
16 40 0      33 37 0      
15 40 0      34 37 0      
14 40 0      35 37 0      
13 40 0      36 37 0      
12 40 0      37 37 0      
11 40 1      38 37 0      
10 40 0      39 37 0      
9 40 0      40 37 0      
8 40 0      41 37 0      
7 40 0      42 37 0      
6 40 0      42 36 0      
5 40 0      42 35 0      
4 40 0      41 35 0      
3 40 0      41 36 0      
2 40 0      41 37 0      
1 40 0      41 38 0      
50 40 0      41 39 0      
49 40 0      41 40 0      
48 40 0      41 41 0      
47 40 0      41 42 0      
46 40 0      42 42 0      
45 40 0      43 42 0      
44 40 0      44 42 0      
43 40 0      45 42 0      
42 40 0      46 42 0      
41 40 0      47 42 0      
40 40 0      48 42 0      
39 40 0      49 42 0      
38 40 0      0 42 0      
37 40 0      1 42 0      
36 40 0      2 42 0      
35 40 0      3 42 0      
34 40 0      3 41 0      
33 40 0      3 40 0      
32 40 0      3 39 0      
31 40 0      3 38 0      
30 40 0      3 37 0      
29 40 0      3 36 0      
28 40 0      3 35 0      
27 40 0       3 35 1      
27 40 0      3 34 0      
26 40 0      3 33 0      
25 40 0      3 32 0      
24 40 0      3 31 0      
23 40 0      3 30 0      
22 40 0      3 29 0      
