10 40 0      40 20 0      
9 40 0      40 21 0      
8 40 0      41 21 0      
7 40 0      42 21 0      
6 40 0      43 21 0      
5 40 1      44 21 0      
4 40 0      45 21 0      
3 40 0      46 21 0      
2 40 1      46 22 0      
1 40 0      46 23 0      
50 40 0      46 24 0      
49 40 0      46 25 0      
48 40 0       46 25 1      
48 40 0      46 26 0      
47 40 0      46 27 0      
46 40 0      46 28 0      
45 40 0      46 29 0      
44 40 0      46 30 0      
43 40 0      46 31 0      
42 40 0      46 32 0      
41 40 0      46 33 0      
40 40 0      46 34 0      
39 40 0      46 35 0      
38 40 0      46 36 0      
37 40 0      46 37 0      
36 40 0      46 38 0      
35 40 0      46 39 0      
34 40 0      46 40 0      
33 40 0      46 41 0      
32 40 0      46 42 0      
31 40 0      47 42 0      
30 40 0      48 42 0      
29 40 0      49 42 0      
28 40 0      0 42 0      
27 40 0      1 42 0      
26 40 0      2 42 0      
25 40 0      3 42 0      
24 40 0      4 42 0      
23 40 0      5 42 0      
22 40 0      6 42 0      
21 40 0      7 42 0      
20 40 0       7 42 1      
20 40 0      8 42 0      
19 40 0      9 42 0      
18 40 0      10 42 0      
17 40 0      11 42 0      
16 40 0      12 42 0      
15 40 0      13 42 0      
14 40 0      14 42 0      
13 40 0      14 43 0      
12 40 0      14 44 0      
11 40 0      14 45 0      
10 40 0      14 46 0      
9 40 0      14 47 0      
8 40 0      14 48 0      
7 40 0      14 49 0      
6 40 0      14 50 0      
5 40 0       14 50 1      
5 40 0      14 51 0      
4 40 0      14 52 0      
3 40 0      14 3 0      
2 40 0      14 4 0      
1 40 0      14 5 0      
50 40 0      14 6 0      
49 40 0      14 7 0      
48 40 0      14 8 0      
47 40 0      14 9 0      
46 40 0      14 10 0      
45 40 0       14 10 1      
