10 40 0      40 20 0      
9 40 0       40 20 1      
9 40 0      40 21 0      
8 40 0      40 22 0      
7 40 0      40 23 0      
6 40 0      40 24 0      
5 40 0      40 25 0      
4 40 0      40 26 0      
3 40 0      40 27 0      
2 40 0      40 28 0      
1 40 0      40 29 0      
50 40 0      40 30 0      
49 40 1      40 31 0      
48 40 0      40 32 0      
47 40 0      40 33 0      
46 40 0      40 34 0      
45 40 0      40 35 0      
44 40 0      40 36 0      
43 40 0      40 37 0      
42 40 0      40 38 0      
41 40 0      40 39 0      
40 40 0      40 40 0      
39 40 0      40 41 0      
38 40 0      40 42 0      
37 40 0      40 43 0      
36 40 0      40 44 0      
35 40 0      40 45 0      
34 40 0       40 45 1      
34 40 0      40 46 0      
33 40 0      40 47 0      
32 40 0      40 48 0      
31 40 0      40 49 0      
30 40 1      40 50 0      
29 40 0      40 51 0      
28 40 0      40 52 0      
27 40 0      40 3 0      
26 40 0      40 4 0      
25 40 0      40 5 0      
24 40 0      41 5 0      
23 40 0      42 5 0      
22 40 0      43 5 0      
21 40 0      44 5 0      
20 40 0      45 5 0      
19 40 0      46 5 0      
18 40 0      47 5 0      
17 40 0      48 5 0      
16 40 1      49 5 0      
15 40 0      0 5 0      
14 40 0      1 5 0      
13 40 0      2 5 0      
12 40 0       2 5 1      
12 40 0      3 5 0      
11 40 0       3 5 1      
11 40 0      4 5 0      
10 40 0      5 5 0      
9 40 0      6 5 0      
8 40 0      7 5 0      
7 40 0      8 5 0      
6 40 0      9 5 0      
5 40 0      10 5 0      
4 40 0      11 5 0      
3 40 0      12 5 0      
2 40 0      13 5 0      
1 40 0      14 5 0      
50 40 0      15 5 0      
49 40 0      15 6 0      
48 40 0      15 7 0      
47 40 0      15 8 0      
46 40 0      15 9 0      
45 40 0      15 10 0      
44 40 0      15 11 0      
43 40 0      15 12 0      
42 40 0      15 13 0      
41 40 0      15 14 0      
40 40 0      15 15 0      
39 40 0      15 16 0      
38 40 0      15 17 0      
37 40 0      15 18 0      
36 40 0      15 19 0      
35 40 0      15 20 0      
34 40 0      15 21 0      
33 40 0      15 22 0      
32 40 0      15 23 0      
31 40 0      15 24 0      
30 40 0      15 25 0      
29 40 0      15 26 0      
28 40 0      15 27 0      
27 40 0      15 28 0      
26 40 0      15 29 0      
25 40 0      15 30 0      
24 40 0      15 31 0      
23 40 0      15 32 0      
22 40 0      15 33 0      
21 40 0      16 33 0      
20 40 0      17 33 0      
19 40 0      18 33 0      
18 40 0      18 32 0      
17 40 0      18 31 0      
16 40 0      18 30 0      
15 40 0      18 29 0      
14 40 0      18 28 0      
13 40 0      18 27 0      
12 40 0      18 26 0      
11 40 0      18 25 0      
10 40 0      18 24 0      
9 40 0      18 23 0      
8 40 0      18 22 0      
7 40 0      18 21 0      
6 40 0      18 20 0      
5 40 0      19 20 0      
4 40 0      20 20 0      
3 40 0      21 20 0      
2 40 0      21 19 0      
1 40 0      21 18 0      
50 40 0      21 17 0      
49 40 0      21 16 0      
48 40 0      21 15 0      
47 40 0      21 14 0      
46 40 0       21 14 1      
46 40 0      21 13 0      
