10 40 0      40 20 0      
9 40 1      40 21 0      
8 40 0      40 22 0      
7 40 0      40 23 0      
6 40 0       40 23 1      
6 40 0      40 24 0      
5 40 0      40 25 0      
4 40 0       40 25 1      
4 40 0      40 26 0      
3 40 0      40 27 0      
2 40 0      39 27 0      
1 40 0      38 27 0      
50 40 0      37 27 0      
49 40 0      36 27 0      
48 40 0      35 27 0      
47 40 0      34 27 0      
46 40 0      33 27 0      
45 40 0      32 27 0      
44 40 0      31 27 0      
43 40 0      30 27 0      
42 40 0      29 27 0      
41 40 0      28 27 0      
40 40 0      27 27 0      
39 40 0      26 27 0      
38 40 0      26 26 0      
37 40 0      26 25 0      
36 40 1      26 24 0      
35 40 0      26 23 0      
34 40 0      26 22 0      
33 40 0      26 21 0      
32 40 0       26 21 1      
32 40 0      26 20 0      
31 40 0      26 19 0      
30 40 0      26 18 0      
29 40 1      26 17 0      
28 40 0      26 16 0      
27 40 0      26 15 0      
26 40 0      26 14 0      
25 40 0      27 14 0      
24 40 0      28 14 0      
23 40 0      28 13 0      
22 40 0      28 12 0      
21 40 0      28 11 0      
20 40 0      28 10 0      
19 40 0      28 9 0      
18 40 0      28 8 0      
17 40 0      28 7 0      
16 40 0      28 6 0      
15 40 0      29 6 0      
14 40 0      29 5 0      
13 40 0      29 4 0      
12 40 0      29 3 0      
11 40 0      28 53 0      
10 40 0      27 53 0      
9 40 0      26 53 0      
8 40 0      25 53 0      
7 40 0      24 53 0      
6 40 0      23 53 0      
5 40 0      22 53 0      
4 40 0      21 53 0      
3 40 0      20 53 0      
2 40 0      19 53 0      
