10 40 0      40 20 0      
9 40 0      40 21 0      
8 40 0      40 22 0      
7 40 0      40 23 0      
6 40 0      40 24 0      
5 40 0      40 25 0      
4 40 0      40 26 0      
3 40 0      40 27 0      
2 40 0      40 28 0      
1 40 0      40 29 0      
50 40 0      40 30 0      
49 40 0      40 31 0      
48 40 0      40 32 0      
47 40 0      40 33 0      
46 40 0      40 34 0      
45 40 0      40 35 0      
44 40 0      40 36 0      
43 40 0      40 37 0      
42 40 0      40 38 0      
41 40 0      40 39 0      
40 40 0      40 40 0      
39 40 0      40 41 0      
38 40 0       40 41 1      
38 40 0      40 42 0      
37 40 0      40 43 0      
36 40 0      39 43 0      
35 40 0      38 43 0      
34 40 0      37 43 0      
33 40 0      36 43 0      
32 40 0      35 43 0      
31 40 0      34 43 0      
30 40 0      34 42 0      
29 40 1      34 41 0      
28 40 0      34 40 0      
27 40 0      34 39 0      
26 40 0      34 38 0      
25 40 0      34 37 0      
24 40 0      34 36 0      
23 40 0      34 35 0      
22 40 0       34 35 1      
22 40 0      34 34 0      
21 40 0      34 33 0      
20 40 0      34 32 0      
19 40 0      34 31 0      
18 40 0      34 30 0      
17 40 0      34 29 0      
16 40 0      33 29 0      
15 40 0      33 30 0      
14 40 0      33 31 0      
13 40 0      32 31 0      
12 40 0      31 31 0      
11 40 0      30 31 0      
10 40 0      29 31 0      
9 40 0      28 31 0      
8 40 0      28 30 0      
7 40 0      28 29 0      
6 40 0      27 29 0      
5 40 0      26 29 0      
4 40 0      25 29 0      
3 40 0      24 29 0      
2 40 0      23 29 0      
1 40 0      22 29 0      
50 40 0      21 29 0      
49 40 0      20 29 0      
48 40 0      19 29 0      
47 40 0      18 29 0      
46 40 0      17 29 0      
45 40 0      16 29 0      
44 40 0      15 29 0      
43 40 0      15 30 0      
42 40 0      15 31 0      
41 40 0      15 32 0      
40 40 0      15 33 0      
39 40 0      15 34 0      
38 40 0      15 35 0      
37 40 0      15 36 0      
36 40 0      15 37 0      
35 40 0      15 38 0      
34 40 0      15 39 0      
33 40 0       15 39 1      
33 40 0      15 40 0      
32 40 0      15 41 0      
31 40 0      15 42 0      
30 40 0      15 43 0      
29 40 0      15 44 0      
28 40 0      15 45 0      
27 40 0      15 46 0      
26 40 0      15 47 0      
25 40 0      15 48 0      
24 40 0      15 49 0      
23 40 0      15 50 0      
22 40 0      15 51 0      
21 40 0      15 52 0      
20 40 0      15 3 0      
19 40 0      15 4 0      
18 40 0      14 4 0      
17 40 0      13 4 0      
16 40 0      12 4 0      
15 40 0      11 4 0      
14 40 0      10 4 0      
13 40 0      9 4 0      
12 40 0      8 4 0      
11 40 0      7 4 0      
10 40 0      7 5 0      
9 40 0      7 6 0      
8 40 0      7 7 0      
7 40 0      7 8 0      
6 40 0      7 9 0      
5 40 0      7 10 0      
4 40 0      7 11 0      
3 40 0      8 11 0      
