10 40 0      40 20 0      
9 40 0      40 21 0      
8 40 0      40 22 0      
7 40 0      40 23 0      
6 40 1      39 23 0      
5 40 0      38 23 0      
4 40 0      37 23 0      
3 40 0      36 23 0      
2 40 0      35 23 0      
1 40 0      34 23 0      
50 40 0      33 23 0      
49 40 0      32 23 0      
48 40 0       32 23 1      
48 40 1      31 23 0      
47 40 0      30 23 0      
46 40 0      29 23 0      
45 40 0      28 23 0      
44 40 0      27 23 0      
43 40 0      27 24 0      
42 40 0      27 25 0      
41 40 0      27 26 0      
40 40 0      27 27 0      
39 40 0      26 27 0      
38 40 0      25 27 0      
37 40 0      24 27 0      
36 40 0      23 27 0      
35 40 0      22 27 0      
34 40 0      21 27 0      
33 40 0      20 27 0      
32 40 0      19 27 0      
31 40 0      18 27 0      
30 40 0      17 27 0      
29 40 0      16 27 0      
28 40 0      15 27 0      
27 40 0      14 27 0      
26 40 0      13 27 0      
25 40 0      12 27 0      
24 40 0      11 27 0      
23 40 0      11 28 0      
22 40 0      11 29 0      
21 40 0      11 30 0      
20 40 0      11 31 0      
19 40 0      11 32 0      
18 40 0      12 32 0      
17 40 0      13 32 0      
16 40 0      14 32 0      
15 40 0      15 32 0      
14 40 0      16 32 0      
13 40 0      16 33 0      
12 40 0      16 34 0      
11 40 0      16 35 0      
10 40 0      16 36 0      
9 40 0      16 37 0      
8 40 0      16 38 0      
7 40 0      16 39 0      
6 40 0      15 39 0      
5 40 0      14 39 0      
4 40 0      13 39 0      
3 40 0      13 40 0      
2 40 0      13 41 0      
1 40 0      13 42 0      
50 40 0      13 43 0      
49 40 0      13 44 0      
48 40 0      14 44 0      
47 40 0      15 44 0      
46 40 0      16 44 0      
