10 40 0      40 20 0      
9 40 0      40 21 0      
8 40 0      40 22 0      
7 40 1      40 23 0      
6 40 0      40 24 0      
5 40 0      40 25 0      
4 40 0      40 26 0      
3 40 0      40 27 0      
2 40 0      40 28 0      
1 40 0      40 29 0      
50 40 0      39 29 0      
49 40 0      38 29 0      
48 40 0      37 29 0      
47 40 0      36 29 0      
46 40 0      35 29 0      
45 40 0      34 29 0      
44 40 0      33 29 0      
43 40 0      32 29 0      
42 40 0      31 29 0      
41 40 0      30 29 0      
40 40 0      29 29 0      
39 40 0      28 29 0      
38 40 0      27 29 0      
37 40 0      26 29 0      
36 40 0       26 29 1      
36 40 0      25 29 0      
35 40 0      24 29 0      
34 40 0      23 29 0      
33 40 0      22 29 0      
32 40 0      21 29 0      
31 40 0      20 29 0      
30 40 0      19 29 0      
29 40 0      18 29 0      
28 40 0      17 29 0      
27 40 0      16 29 0      
26 40 0      15 29 0      
25 40 0      14 29 0      
24 40 0      13 29 0      
23 40 0      12 29 0      
22 40 0      11 29 0      
21 40 0      10 29 0      
20 40 0      9 29 0      
19 40 0      8 29 0      
18 40 0      7 29 0      
17 40 0      6 29 0      
16 40 0      5 29 0      
15 40 0      4 29 0      
14 40 0      3 29 0      
13 40 0      2 29 0      
12 40 0      1 29 0      
11 40 0      0 29 0      
10 40 0      49 29 0      
9 40 0      48 29 0      
8 40 0      47 29 0      
7 40 0      46 29 0      
6 40 0      46 28 0      
5 40 0      46 27 0      
4 40 0      46 26 0      
3 40 0      45 26 0      
2 40 0      44 26 0      
1 40 0      43 26 0      
50 40 0      43 25 0      
49 40 0      43 24 0      
48 40 0      43 23 0      
47 40 0      43 22 0      
46 40 0      43 21 0      
45 40 0      43 20 0      
44 40 0      43 19 0      
43 40 0      43 18 0      
42 40 0      44 18 0      
41 40 0      45 18 0      
40 40 0       45 18 1      
40 40 0      46 18 0      
39 40 0      47 18 0      
38 40 0      48 18 0      
37 40 0      49 18 0      
36 40 0      -1 17 0      
35 40 0      0 17 0      
34 40 0      1 17 0      
33 40 0      2 17 0      
32 40 0      3 17 0      
31 40 0      4 17 0      
30 40 0      5 17 0      
29 40 0      6 17 0      
28 40 0      7 17 0      
27 40 0      7 18 0      
