10 40 0      40 20 0      
9 40 0      40 21 0      
8 40 0      40 22 0      
7 40 0      40 23 0      
6 40 0      40 24 0      
5 40 0      40 25 0      
4 40 0      39 25 0      
3 40 0      38 25 0      
2 40 0      38 24 0      
1 40 0      38 23 0      
50 40 0      38 22 0      
49 40 0      38 21 0      
48 40 0      38 20 0      
47 40 0      38 19 0      
46 40 0      38 18 0      
45 40 0      38 17 0      
44 40 0      38 16 0      
43 40 0      38 15 0      
42 40 0      38 14 0      
41 40 0      38 13 0      
40 40 0      38 12 0      
39 40 1      38 11 0      
38 40 0      38 10 0      
37 40 1      37 40 1      38 9 0      
36 40 0      38 8 0      
35 40 0      38 7 0      
34 40 0      38 6 0      
33 40 0      38 5 0      
32 40 0      38 4 0      
31 40 0      38 3 0      
30 40 0      38 52 0      
29 40 0      38 51 0      
28 40 0      38 50 0      
27 40 0      38 49 0      
26 40 0      38 48 0      
25 40 0      38 47 0      
24 40 0      38 46 0      
23 40 0      38 45 0      
22 40 0      38 44 0      
21 40 0      38 43 0      
20 40 0      38 42 0      
19 40 0      38 41 0      
18 40 0      38 40 0      
17 40 0      39 40 0      
16 40 0      40 40 0      
15 40 0      41 40 0      
14 40 0      42 40 0      
13 40 0      43 40 0      
12 40 0      44 40 0      
11 40 0      45 40 0      
10 40 0      46 40 0      
9 40 0      47 40 0      
8 40 0      48 40 0      
7 40 0      49 40 0      
6 40 0      0 40 0      
5 40 0      1 40 0      
4 40 0      2 40 0      
3 40 0      3 40 0      
2 40 0      4 40 0      
1 40 0      5 40 0      
50 40 0      6 40 0      
49 40 0      7 40 0      
48 40 0      8 40 0      
47 40 0      9 40 0      
46 40 0      10 40 0      
45 40 0      11 40 0      
44 40 0      11 41 0      
43 40 0      11 42 0      
42 40 0      11 43 0      
41 40 0      11 44 0      
40 40 0       11 44 1      
40 40 0      11 45 0      
39 40 0      11 46 0      
38 40 0      11 47 0      
37 40 0      11 48 0      
36 40 0      11 49 0      
35 40 0      11 50 0      
34 40 0      11 51 0      
33 40 0      11 52 0      
