10 40 0      40 20 0      
9 40 0      40 21 0      
8 40 1      40 22 0      
7 40 0      40 23 0      
6 40 0      40 24 0      
5 40 0      40 25 0      
4 40 0      40 26 0      
3 40 0      40 27 0      
2 40 0      40 28 0      
1 40 0      39 28 0      
50 40 0      38 28 0      
49 40 0      37 28 0      
48 40 0      36 28 0      
47 40 0      35 28 0      
46 40 0      34 28 0      
45 40 0      33 28 0      
44 40 1      32 28 0      
43 40 0      31 28 0      
42 40 0      30 28 0      
41 40 0      29 28 0      
40 40 0      29 29 0      
39 40 0      29 30 0      
38 40 1      29 31 0      
37 40 0      29 32 0      
36 40 0      29 33 0      
35 40 0      29 34 0      
34 40 0      29 35 0      
33 40 0      29 36 0      
32 40 0      29 37 0      
31 40 0      29 38 0      
30 40 0      29 39 0      
29 40 0      29 40 0      
28 40 0      29 41 0      
27 40 0      29 42 0      
26 40 0      29 43 0      
25 40 0      29 44 0      
24 40 0      29 45 0      
23 40 0      29 46 0      
22 40 1      29 47 0      
21 40 0      29 48 0      
20 40 0      29 49 0      
19 40 0      30 49 0      
18 40 0      31 49 0      
17 40 0      32 49 0      
16 40 0      33 49 0      
15 40 0      34 49 0      
14 40 0      35 49 0      
13 40 0      36 49 0      
12 40 0      37 49 0      
11 40 0      38 49 0      
10 40 0      39 49 0      
9 40 0      40 49 0      
8 40 0      41 49 0      
7 40 0      42 49 0      
6 40 0      43 49 0      
5 40 0      44 49 0      
4 40 0      45 49 0      
3 40 0      46 49 0      
2 40 0      47 49 0      
1 40 0      48 49 0      
50 40 0      49 49 0      
49 40 0      0 49 0      
48 40 0      1 49 0      
47 40 0      2 49 0      
46 40 0      3 49 0      
45 40 0      4 49 0      
44 40 0      5 49 0      
43 40 0      6 49 0      
42 40 0      7 49 0      
41 40 0      8 49 0      
40 40 0      9 49 0      
39 40 0      9 48 0      
38 40 0      10 48 0      
37 40 0      11 48 0      
36 40 0      12 48 0      
