10 40 0      40 20 0      
9 40 0      40 21 0      
8 40 0      40 22 0      
7 40 0      40 23 0      
6 40 0      40 24 0      
5 40 0      40 25 0      
4 40 0      40 26 0      
3 40 0      40 27 0      
2 40 0      40 28 0      
1 40 0      40 29 0      
50 40 0      40 30 0      
49 40 0       40 30 1      
49 40 0      40 31 0      
48 40 0      40 32 0      
47 40 0      41 32 0      
46 40 0      41 31 0      
45 40 0      41 30 0      
44 40 0      41 29 0      
43 40 0      41 28 0      
42 40 0      41 27 0      
41 40 0      41 26 0      
40 40 0      41 25 0      
39 40 0      41 24 0      
38 40 0      41 23 0      
37 40 0      41 22 0      
36 40 0      41 21 0      
35 40 0      41 20 0      
34 40 0      41 19 0      
33 40 0      41 18 0      
32 40 0      41 17 0      
31 40 0      41 16 0      
30 40 0      40 16 0      
29 40 0      39 16 0      
28 40 0      38 16 0      
27 40 0      37 16 0      
26 40 0      36 16 0      
25 40 0      35 16 0      
24 40 0      34 16 0      
23 40 0      33 16 0      
22 40 0      33 15 0      
21 40 0      33 14 0      
20 40 0      33 13 0      
19 40 0      33 12 0      
18 40 0      33 11 0      
17 40 0      33 10 0      
16 40 0      32 10 0      
15 40 0      31 10 0      
14 40 0      30 10 0      
13 40 0      30 11 0      
12 40 0      29 11 0      
11 40 0      29 12 0      
10 40 0      29 13 0      
9 40 0      29 14 0      
8 40 0      28 14 0      
7 40 0      28 13 0      
6 40 0      28 12 0      
5 40 0      28 11 0      
4 40 0      28 10 0      
3 40 0      28 9 0      
2 40 0      28 8 0      
1 40 0      29 8 0      
50 40 0      30 8 0      
49 40 0      31 8 0      
48 40 0      32 8 0      
47 40 0      33 8 0      
46 40 0      34 8 0      
45 40 0       34 8 1      
45 40 0      35 8 0      
44 40 0      36 8 0      
43 40 0      36 9 0      
42 40 0      36 10 0      
41 40 0      36 11 0      
40 40 0      36 12 0      
39 40 0      36 13 0      
38 40 0      36 14 0      
37 40 0      37 14 0      
36 40 0      38 14 0      
35 40 0      39 14 0      
34 40 0      40 14 0      
33 40 0      41 14 0      
32 40 0      42 14 0      
31 40 0      43 14 0      
30 40 0      44 14 0      
29 40 0      45 14 0      
28 40 0      46 14 0      
27 40 0      47 14 0      
26 40 0      48 14 0      
25 40 0      49 14 0      
24 40 0      0 14 0      
23 40 0      1 14 0      
22 40 0      2 14 0      
21 40 0      3 14 0      
20 40 0      4 14 0      
19 40 0      5 14 0      
18 40 0      6 14 0      
17 40 0      7 14 0      
16 40 0      8 14 0      
15 40 0      9 14 0      
14 40 0      10 14 0      
13 40 0       10 14 1      
13 40 0      11 14 0      
12 40 0      12 14 0      
11 40 0      13 14 0      
10 40 0      14 14 0      
9 40 0      15 14 0      
8 40 0      16 14 0      
7 40 0      17 14 0      
6 40 0      17 13 0      
5 40 0      17 12 0      
4 40 0      17 11 0      
3 40 0      17 10 0      
2 40 0      17 9 0      
1 40 0      17 8 0      
50 40 0      17 7 0      
49 40 0      17 6 0      
48 40 0      17 5 0      
47 40 0      17 4 0      
46 40 0      18 4 0      
45 40 0      19 4 0      
