10 40 0      40 20 0      
9 40 0      40 21 0      
8 40 0      40 22 0      
7 40 0      40 23 0      
6 40 0      39 23 0      
5 40 0      38 23 0      
4 40 0      37 23 0      
3 40 0      36 23 0      
2 40 0      35 23 0      
1 40 0      34 23 0      
50 40 0      34 22 0      
49 40 0      34 21 0      
48 40 0      35 21 0      
47 40 0      36 21 0      
46 40 0      37 21 0      
45 40 1      38 21 0      
44 40 0      39 21 0      
43 40 0      40 21 0      
42 40 0      40 22 0      
41 40 0      40 23 0      
40 40 0      40 24 0      
39 40 0      40 25 0      
38 40 0      40 26 0      
37 40 0      40 27 0      
36 40 0      40 28 0      
35 40 0      40 29 0      
34 40 0      41 29 0      
33 40 0      42 29 0      
32 40 0      43 29 0      
31 40 0      44 29 0      
30 40 0      45 29 0      
29 40 0      46 29 0      
28 40 0      47 29 0      
27 40 0      47 28 0      
26 40 0      47 27 0      
25 40 0      47 26 0      
24 40 0      47 25 0      
23 40 0      47 24 0      
22 40 0      47 23 0      
21 40 0      47 22 0      
20 40 0      47 21 0      
19 40 0      47 20 0      
18 40 0       47 20 1      
18 40 0      47 19 0      
17 40 0      47 18 0      
16 40 0      47 17 0      
15 40 0      47 16 0      
14 40 0       47 16 1      
14 40 0      47 15 0      
13 40 0      47 14 0      
12 40 0      47 13 0      
11 40 0      47 12 0      
10 40 0      47 11 0      
9 40 0      47 10 0      
8 40 0       47 10 1      
8 40 0      47 9 0      
7 40 0      47 8 0      
6 40 0      47 7 0      
5 40 0      48 7 0      
4 40 0      49 7 0      
3 40 0      0 7 0      
2 40 0      1 7 0      
1 40 0      2 7 0      
50 40 0      2 6 0      
49 40 0      2 5 0      
48 40 0      1 5 0      
47 40 0      0 5 0      
46 40 0      49 5 0      
45 40 0      48 5 0      
44 40 0      47 5 0      
43 40 0      46 5 0      
42 40 0      45 5 0      
41 40 0      44 5 0      
40 40 0       44 5 1      
40 40 0      43 5 0      
39 40 0      42 5 0      
38 40 0      42 4 0      
37 40 0      42 3 0      
36 40 0      42 52 0      
35 40 0      43 52 0      
