10 40 0      40 20 0      
9 40 0      40 21 0      
8 40 0      40 22 0      
7 40 0      40 23 0      
6 40 0      40 24 0      
5 40 0      40 25 0      
4 40 0      39 25 0      
3 40 0      38 25 0      
2 40 0      37 25 0      
1 40 0      36 25 0      
50 40 0      36 24 0      
49 40 0      36 23 0      
48 40 0      36 22 0      
47 40 0      36 21 0      
46 40 0      35 21 0      
45 40 0      34 21 0      
44 40 0      33 21 0      
43 40 0      32 21 0      
42 40 0      31 21 0      
41 40 0      30 21 0      
40 40 0      29 21 0      
39 40 0      28 21 0      
38 40 0      28 22 0      
37 40 0      27 22 0      
36 40 0      27 21 0      
35 40 0      27 20 0      
34 40 0      26 20 0      
33 40 0      25 20 0      
32 40 0      24 20 0      
31 40 0      23 20 0      
30 40 0       23 20 1      
30 40 0      22 20 0      
29 40 0      21 20 0      
28 40 0      20 20 0      
27 40 0      19 20 0      
26 40 0      18 20 0      
25 40 0       18 20 1      
25 40 0      17 20 0      
24 40 1      16 20 0      
23 40 1      15 20 0      
22 40 0      14 20 0      
21 40 0      13 20 0      
20 40 0       13 20 1      
20 40 0      12 20 0      
19 40 0      11 20 0      
18 40 0      10 20 0      
17 40 0      9 20 0      
16 40 0      8 20 0      
15 40 0      7 20 0      
14 40 1      6 20 0      
13 40 0      5 20 0      
12 40 0      5 21 0      
11 40 0      5 22 0      
10 40 0      5 23 0      
9 40 0      5 24 0      
8 40 0      5 25 0      
7 40 0      5 26 0      
6 40 0      5 27 0      
5 40 0      5 28 0      
4 40 0      5 29 0      
3 40 0      5 30 0      
2 40 0      5 31 0      
1 40 0      5 32 0      
50 40 0      5 33 0      
49 40 0      5 34 0      
48 40 0      5 35 0      
47 40 0      5 36 0      
46 40 0      5 37 0      
45 40 0      5 38 0      
44 40 0      5 39 0      
43 40 0      5 40 0      
42 40 0      5 41 0      
41 40 0      5 42 0      
40 40 0      5 43 0      
39 40 0      5 44 0      
38 40 0      5 45 0      
37 40 0      5 46 0      
36 40 0      5 47 0      
35 40 0      5 48 0      
34 40 0      6 48 0      
33 40 0      7 48 0      
32 40 0      8 48 0      
31 40 0      9 48 0      
30 40 0      10 48 0      
29 40 0      11 48 0      
28 40 0      12 48 0      
27 40 0      13 48 0      
26 40 0      14 48 0      
25 40 0      15 48 0      
24 40 0      16 48 0      
23 40 0      17 48 0      
22 40 0      18 48 0      
21 40 0      19 48 0      
20 40 0      20 48 0      
19 40 0      21 48 0      
18 40 0      22 48 0      
17 40 0      23 48 0      
16 40 0      23 49 0      
15 40 0      23 50 0      
14 40 0      23 51 0      
13 40 0      23 52 0      
12 40 0      23 3 0      
11 40 0      23 4 0      
10 40 0      23 5 0      
9 40 0      23 6 0      
8 40 0      22 6 0      
7 40 0      21 6 0      
