10 40 0      40 20 0      
9 40 0      40 21 0      
8 40 0      40 22 0      
7 40 0      40 23 0      
6 40 0      39 23 0      
5 40 0      38 23 0      
4 40 0      37 23 0      
3 40 0      36 23 0      
2 40 0      35 23 0      
1 40 0      34 23 0      
50 40 0      33 23 0      
49 40 0      32 23 0      
48 40 0      31 23 0      
47 40 0      30 23 0      
46 40 0      29 23 0      
45 40 0      28 23 0      
44 40 0      28 22 0      
43 40 0      28 21 0      
42 40 0      28 20 0      
41 40 0      28 19 0      
40 40 0      28 18 0      
39 40 0      28 17 0      
38 40 0      28 16 0      
37 40 0      28 15 0      
36 40 0      28 14 0      
35 40 0      28 13 0      
34 40 0      28 12 0      
33 40 0      28 11 0      
32 40 0      28 10 0      
31 40 0       28 10 1      
31 40 0      28 9 0      
30 40 0      28 8 0      
29 40 0      28 7 0      
28 40 0      28 6 0      
27 40 0      28 5 0      
26 40 0      28 4 0      
25 40 0      28 3 0      
24 40 0      28 52 0      
23 40 0      28 51 0      
22 40 0      28 50 0      
21 40 0      28 49 0      
20 40 0      28 48 0      
19 40 0      28 47 0      
18 40 0      29 47 0      
17 40 0      30 47 0      
16 40 0      31 47 0      
15 40 0      32 47 0      
14 40 0      33 47 0      
13 40 0      34 47 0      
12 40 0      35 47 0      
11 40 0      36 47 0      
10 40 0      37 47 0      
9 40 0      38 47 0      
8 40 0      39 47 0      
7 40 0      40 47 0      
6 40 0      41 47 0      
5 40 0      42 47 0      
4 40 0      43 47 0      
3 40 0      44 47 0      
2 40 0      45 47 0      
1 40 0      46 47 0      
50 40 0      47 47 0      
49 40 0      48 47 0      
48 40 0      49 47 0      
47 40 0      0 47 0      
46 40 0      1 47 0      
45 40 0      2 47 0      
44 40 0      3 47 0      
43 40 0      4 47 0      
42 40 0      5 47 0      
41 40 0       5 47 1      
41 40 0      6 47 0      
40 40 0      7 47 0      
39 40 0      8 47 0      
38 40 0      9 47 0      
37 40 0      10 47 0      
36 40 0      11 47 0      
