10 40 0      40 20 0      
9 40 0      40 21 0      
8 40 0      40 22 0      
7 40 0      39 22 0      
6 40 0      38 22 0      
5 40 0      37 22 0      
4 40 0      37 21 0      
3 40 1      37 20 0      
2 40 0      38 20 0      
1 40 0      39 20 0      
50 40 0      40 20 0      
49 40 0      41 20 0      
48 40 0      42 20 0      
47 40 0      43 20 0      
46 40 0      44 20 0      
45 40 0      45 20 0      
44 40 0      46 20 0      
43 40 0      46 21 0      
42 40 0      46 22 0      
41 40 0      46 23 0      
40 40 0       46 23 1      
40 40 0      46 24 0      
39 40 0      46 25 0      
38 40 0      46 26 0      
37 40 0      46 27 0      
36 40 0      46 28 0      
35 40 0      46 29 0      
34 40 0      46 30 0      
33 40 0      46 31 0      
32 40 0      46 32 0      
31 40 0      46 33 0      
30 40 1      46 34 0      
29 40 0      46 35 0      
28 40 0      46 36 0      
27 40 0      45 36 0      
26 40 0      44 36 0      
25 40 0      43 36 0      
24 40 0      42 36 0      
23 40 0      41 36 0      
22 40 0      40 36 0      
21 40 0      39 36 0      
20 40 0      38 36 0      
19 40 0      37 36 0      
18 40 0      36 36 0      
17 40 0      35 36 0      
16 40 0      34 36 0      
15 40 0      33 36 0      
14 40 0      32 36 0      
13 40 0      31 36 0      
12 40 0      30 36 0      
11 40 0      29 36 0      
10 40 0      28 36 0      
9 40 0      27 36 0      
8 40 0      26 36 0      
7 40 0      25 36 0      
6 40 0      24 36 0      
5 40 0      23 36 0      
4 40 0      22 36 0      
3 40 0      21 36 0      
2 40 0      20 36 0      
1 40 0      19 36 0      
0 40 0       19 36 1      
50 40 0      18 36 0      
49 40 0      17 36 0      
48 40 0      16 36 0      
47 40 0      15 36 0      
46 40 0      14 36 0      
45 40 0       14 36 1      
45 40 0      13 36 0      
44 40 0      13 35 0      
43 40 0      13 34 0      
42 40 0      13 33 0      
41 40 0      13 32 0      
40 40 0      13 31 0      
39 40 0       13 31 1      
39 40 0      13 30 0      
38 40 0      13 29 0      
37 40 0      13 28 0      
36 40 0      13 27 0      
35 40 0      13 26 0      
34 40 0      13 25 0      
33 40 0      13 24 0      
32 40 0      12 24 0      
31 40 0      11 24 0      
30 40 0      10 24 0      
29 40 0      9 24 0      
28 40 0      8 24 0      
27 40 0       8 24 1      
27 40 0      7 24 0      
26 40 0      7 25 0      
25 40 0      7 26 0      
24 40 0      7 27 0      
23 40 0      7 28 0      
22 40 0      7 29 0      
21 40 0      7 30 0      
20 40 0      8 30 0      
19 40 0      9 30 0      
18 40 0      9 29 0      
17 40 0      9 28 0      
16 40 0      9 27 0      
15 40 0      9 26 0      
14 40 0      9 25 0      
13 40 0      8 25 0      
12 40 0      7 25 0      
