10 40 0      40 20 0      
9 40 0      40 21 0      
8 40 0      40 22 0      
7 40 0      40 23 0      
6 40 0      40 24 0      
5 40 0      40 25 0      
4 40 0      40 26 0      
3 40 0       40 26 1      
3 40 0      40 27 0      
2 40 0      40 28 0      
1 40 0      39 28 0      
50 40 0      38 28 0      
49 40 0      38 27 0      
48 40 0      38 26 0      
47 40 0      38 25 0      
46 40 0      37 25 0      
45 40 0      36 25 0      
44 40 0       36 25 1      
44 40 1      35 25 0      
43 40 0      34 25 0      
42 40 0      33 25 0      
41 40 0      32 25 0      
40 40 0      31 25 0      
39 40 0       31 25 1      
39 40 0      30 25 0      
38 40 1      29 25 0      
37 40 0      28 25 0      
36 40 0      27 25 0      
35 40 0      26 25 0      
34 40 0      25 25 0      
33 40 0      24 25 0      
32 40 0       24 25 1      
32 40 1      23 25 0      
31 40 0      22 25 0      
30 40 0      21 25 0      
29 40 0      21 26 0      
28 40 0      21 27 0      
27 40 0      21 28 0      
26 40 0      21 29 0      
25 40 0      21 30 0      
24 40 0      21 31 0      
23 40 0      21 32 0      
22 40 1      21 33 0      
21 40 0      21 34 0      
20 40 0      21 35 0      
19 40 0      21 36 0      
18 40 0      21 37 0      
17 40 0      22 37 0      
16 40 0      23 37 0      
15 40 0      24 37 0      
14 40 0      24 36 0      
13 40 0      24 35 0      
12 40 0      24 34 0      
11 40 0      23 34 0      
10 40 0      22 34 0      
9 40 0      21 34 0      
8 40 0      21 35 0      
7 40 0      21 36 0      
6 40 0      21 37 0      
5 40 0      21 38 0      
4 40 0      21 39 0      
3 40 0      21 40 0      
2 40 0      21 41 0      
1 40 0      21 42 0      
50 40 0      21 43 0      
49 40 0      21 44 0      
48 40 0      21 45 0      
47 40 0      21 46 0      
46 40 0      21 47 0      
45 40 0      21 48 0      
44 40 0      21 49 0      
43 40 0      21 50 0      
42 40 0      21 51 0      
41 40 0      21 52 0      
40 40 0      21 3 0      
39 40 0      20 3 0      
38 40 0      19 3 0      
37 40 0      18 3 0      
36 40 0      18 2 0      
