10 40 0      40 20 0      
9 40 0      40 21 0      
8 40 0      40 22 0      
7 40 0      40 23 0      
6 40 1      40 24 0      
5 40 0      40 25 0      
4 40 0      40 26 0      
3 40 0      40 27 0      
2 40 1      41 27 0      
1 40 0      42 27 0      
50 40 0      42 28 0      
49 40 0      42 29 0      
48 40 0      42 30 0      
47 40 0      42 31 0      
46 40 0      43 31 0      
45 40 0      44 31 0      
44 40 0      44 32 0      
43 40 0      44 33 0      
42 40 0      44 34 0      
41 40 0      44 35 0      
40 40 0      44 36 0      
39 40 0      44 37 0      
38 40 0      44 38 0      
37 40 0      44 39 0      
36 40 0      44 40 0      
35 40 0      44 41 0      
34 40 0      44 42 0      
33 40 0      44 43 0      
32 40 0      44 44 0      
31 40 0      44 45 0      
30 40 0      44 46 0      
29 40 0      44 47 0      
28 40 0      44 48 0      
27 40 0      43 48 0      
26 40 0      42 48 0      
25 40 0      42 47 0      
24 40 0       42 47 1      
24 40 0      43 47 0      
23 40 0      44 47 0      
22 40 0      45 47 0      
21 40 0      46 47 0      
20 40 0      47 47 0      
19 40 0      47 46 0      
18 40 0      47 45 0      
17 40 0      47 44 0      
16 40 0      47 43 0      
15 40 0      47 42 0      
14 40 0       47 42 1      
14 40 0      48 42 0      
13 40 0      48 43 0      
12 40 0      48 44 0      
11 40 0      48 45 0      
10 40 0      48 46 0      
9 40 0      48 47 0      
8 40 0      48 48 0      
7 40 0      48 49 0      
6 40 0      47 49 0      
5 40 0      47 48 0      
4 40 0      47 47 0      
3 40 0      47 46 0      
2 40 0      47 45 0      
1 40 0      48 45 0      
50 40 0      49 45 0      
49 40 0      0 45 0      
48 40 0      1 45 0      
47 40 0      2 45 0      
