10 40 0      40 20 0      
9 40 0      40 21 0      
8 40 0      40 22 0      
7 40 0      40 23 0      
6 40 0      40 24 0      
5 40 0      41 24 0      
4 40 0      42 24 0      
3 40 0      43 24 0      
2 40 0      44 24 0      
1 40 0      45 24 0      
50 40 0      46 24 0      
49 40 0      47 24 0      
48 40 1      48 24 0      
47 40 0      49 24 0      
46 40 0      0 24 0      
45 40 0      1 24 0      
44 40 0      2 24 0      
43 40 0      3 24 0      
42 40 1      4 24 0      
41 40 0      5 24 0      
40 40 0      6 24 0      
39 40 0      7 24 0      
38 40 0       7 24 1      
38 40 0      8 24 0      
37 40 0      9 24 0      
36 40 0      10 24 0      
35 40 0      11 24 0      
34 40 0      12 24 0      
33 40 0      13 24 0      
32 40 0      14 24 0      
31 40 0      15 24 0      
30 40 0      16 24 0      
29 40 0      17 24 0      
28 40 0      18 24 0      
27 40 0      19 24 0      
26 40 0      19 23 0      
25 40 0      19 22 0      
24 40 0      18 22 0      
23 40 0      17 22 0      
22 40 0      16 22 0      
21 40 0      15 22 0      
20 40 0      14 22 0      
19 40 0      13 22 0      
18 40 0      12 22 0      
17 40 0      11 22 0      
16 40 0      10 22 0      
15 40 0      9 22 0      
14 40 0      8 22 0      
13 40 0      7 22 0      
12 40 1      7 21 0      
11 40 0      7 20 0      
10 40 0      7 19 0      
9 40 0      7 18 0      
8 40 0       7 18 1      
8 40 0      7 17 0      
7 40 0      7 16 0      
6 40 0      7 15 0      
5 40 0      7 14 0      
4 40 0      7 13 0      
3 40 0      7 12 0      
2 40 0      7 11 0      
1 40 0      7 10 0      
50 40 0      7 9 0      
49 40 0      7 8 0      
48 40 0      7 7 0      
47 40 0      7 6 0      
46 40 0      7 5 0      
45 40 0      7 4 0      
44 40 0      7 3 0      
43 40 0      7 52 0      
42 40 0      7 51 0      
41 40 0      7 50 0      
40 40 0      7 49 0      
39 40 0      7 48 0      
38 40 0      7 47 0      
37 40 0      7 46 0      
36 40 0      7 45 0      
35 40 0      7 44 0      
34 40 0      8 44 0      
