10 40 0      40 20 0      
9 40 0      40 21 0      
8 40 0      40 22 0      
7 40 1      40 23 0      
6 40 0      40 24 0      
5 40 0      40 25 0      
4 40 0      40 26 0      
3 40 0      41 26 0      
2 40 0      42 26 0      
1 40 0      43 26 0      
50 40 0      44 26 0      
49 40 0      44 25 0      
48 40 0      44 24 0      
47 40 0      44 23 0      
46 40 0      44 22 0      
45 40 0      44 21 0      
44 40 0      44 20 0      
43 40 0      45 20 0      
42 40 0      46 20 0      
41 40 0      47 20 0      
40 40 0      48 20 0      
39 40 0      49 20 0      
38 40 0      0 20 0      
37 40 0      1 20 0      
36 40 0      2 20 0      
35 40 0      3 20 0      
34 40 0      4 20 0      
33 40 0      5 20 0      
32 40 0      6 20 0      
31 40 0      7 20 0      
30 40 0      8 20 0      
29 40 0      9 20 0      
28 40 0      10 20 0      
27 40 0      11 20 0      
26 40 0      12 20 0      
25 40 0      13 20 0      
24 40 0      13 19 0      
23 40 0      13 18 0      
22 40 0      13 17 0      
21 40 0      13 16 0      
20 40 0      14 16 0      
19 40 0      15 16 0      
18 40 0      16 16 0      
17 40 1      17 16 0      
16 40 0      18 16 0      
15 40 1      19 16 0      
14 40 0      20 16 0      
13 40 0      21 16 0      
12 40 0      21 17 0      
11 40 0      21 18 0      
10 40 0      21 19 0      
9 40 0      22 19 0      
8 40 0      23 19 0      
7 40 0      24 19 0      
6 40 0      25 19 0      
5 40 0      25 20 0      
4 40 0      25 21 0      
3 40 0      25 22 0      
2 40 0      25 23 0      
1 40 0      25 24 0      
50 40 0      25 25 0      
49 40 0      25 26 0      
48 40 0      26 26 0      
47 40 0      27 26 0      
46 40 0      28 26 0      
45 40 0       28 26 1      
45 40 0      29 26 0      
44 40 0      30 26 0      
43 40 0      31 26 0      
42 40 0      32 26 0      
41 40 0       32 26 1      
41 40 0      33 26 0      
40 40 0      34 26 0      
39 40 0      35 26 0      
38 40 0      36 26 0      
37 40 0      37 26 0      
36 40 0      38 26 0      
35 40 0      39 26 0      
34 40 0      40 26 0      
33 40 0      40 25 0      
32 40 0      40 24 0      
31 40 0      40 23 0      
30 40 0      40 22 0      
29 40 0      40 21 0      
28 40 0      40 20 0      
27 40 0      39 20 0      
26 40 0      38 20 0      
25 40 0      38 19 0      
24 40 0      38 18 0      
23 40 0      38 17 0      
22 40 0      38 16 0      
21 40 0      38 15 0      
20 40 0       38 15 1      
20 40 0      38 14 0      
