10 40 0      40 20 0      
9 40 0      40 21 0      
8 40 0      40 22 0      
7 40 0      40 23 0      
6 40 0      40 24 0      
5 40 0      40 25 0      
4 40 0      40 26 0      
3 40 0      40 27 0      
2 40 0      40 28 0      
1 40 0      40 29 0      
50 40 0      40 30 0      
49 40 0      40 31 0      
48 40 0      40 32 0      
47 40 0      40 33 0      
46 40 0      40 34 0      
45 40 0      40 35 0      
44 40 0      40 36 0      
43 40 0       40 36 1      
43 40 1      40 37 0      
42 40 0      40 38 0      
41 40 0      40 39 0      
40 40 0      40 40 0      
39 40 0      39 40 0      
38 40 0      38 40 0      
37 40 0      38 41 0      
36 40 0      38 42 0      
35 40 0      38 43 0      
34 40 0      38 44 0      
33 40 0      38 45 0      
32 40 0      38 46 0      
31 40 0      38 47 0      
30 40 0       38 47 1      
30 40 0      38 48 0      
29 40 0      38 49 0      
28 40 0      38 50 0      
27 40 0      38 51 0      
26 40 0      38 52 0      
25 40 0      38 3 0      
24 40 0       38 3 1      
24 40 0      38 4 0      
23 40 0      38 5 0      
22 40 0      38 6 0      
21 40 0      38 7 0      
20 40 0      38 8 0      
19 40 0      38 9 0      
18 40 0      38 10 0      
17 40 0      38 11 0      
16 40 0      39 11 0      
15 40 0      40 11 0      
14 40 0      41 11 0      
13 40 0      42 11 0      
12 40 0      43 11 0      
11 40 0      44 11 0      
10 40 0      45 11 0      
9 40 0      46 11 0      
8 40 0      47 11 0      
7 40 0      48 11 0      
6 40 0      49 11 0      
5 40 0      0 11 0      
4 40 0      0 10 0      
3 40 0      0 9 0      
2 40 0      0 8 0      
1 40 0      0 7 0      
0 40 0       0 7 1      
50 40 0      0 6 0      
49 40 0      0 5 0      
48 40 0      0 4 0      
47 40 0      0 3 0      
46 40 0      0 52 0      
45 40 0      0 51 0      
44 40 0      0 50 0      
43 40 0      0 49 0      
42 40 0      0 48 0      
41 40 0      0 47 0      
40 40 0      0 46 0      
39 40 0      0 45 0      
38 40 0      0 44 0      
37 40 0      0 43 0      
