10 40 0      40 20 0      
9 40 0      40 21 0      
8 40 0      40 22 0      
7 40 0      40 23 0      
6 40 0      40 24 0      
5 40 0      41 24 0      
4 40 0       41 24 1      
4 40 0      42 24 0      
3 40 0      43 24 0      
2 40 0      44 24 0      
1 40 0       44 24 1      
1 40 0      45 24 0      
0 40 1      46 24 0      
49 40 0      47 24 0      
48 40 0      48 24 0      
47 40 0      49 24 0      
46 40 0      0 24 0      
45 40 0      1 24 0      
44 40 0      1 25 0      
43 40 0      1 26 0      
42 40 0      1 27 0      
41 40 0      0 27 0      
40 40 1      49 27 0      
39 40 0      48 27 0      
38 40 0      47 27 0      
37 40 0      46 27 0      
36 40 0      45 27 0      
35 40 0      44 27 0      
34 40 1      43 27 0      
33 40 0      42 27 0      
32 40 0      41 27 0      
31 40 0      40 27 0      
30 40 0      39 27 0      
29 40 0      38 27 0      
28 40 0      37 27 0      
27 40 0      36 27 0      
26 40 0      35 27 0      
25 40 0      34 27 0      
24 40 1      33 27 0      
23 40 0      32 27 0      
22 40 0      31 27 0      
21 40 0      30 27 0      
20 40 0      29 27 0      
19 40 0      28 27 0      
18 40 0      27 27 0      
17 40 0      26 27 0      
16 40 0      25 27 0      
15 40 0       25 27 1      
15 40 0      24 27 0      
14 40 0      23 27 0      
13 40 0      23 26 0      
12 40 0      23 25 0      
11 40 0       23 25 1      
11 40 0      23 24 0      
10 40 0      23 23 0      
9 40 0      22 23 0      
8 40 0      21 23 0      
7 40 0      20 23 0      
6 40 0      19 23 0      
5 40 0      18 23 0      
4 40 0      17 23 0      
3 40 0      16 23 0      
2 40 0      15 23 0      
1 40 0       15 23 1      
1 40 0      15 22 0      
50 40 0      15 21 0      
49 40 0      15 20 0      
48 40 0      15 19 0      
47 40 0      15 18 0      
46 40 0      15 17 0      
45 40 0      15 16 0      
44 40 0      15 15 0      
43 40 0      15 14 0      
42 40 0      15 13 0      
41 40 0      15 12 0      
40 40 0      15 11 0      
