615
351
677
815
746
790
684
794
647
549
665
661
749
893
493
932
616
588
655
547
920
660
768
713
658
1000
705
619
635
640
694
678
884
700
829
761
802
718
922
674
714
561
907
997
571
572
973
889
882
784
679
758
528
631
727
639
833
864
584
733
824
816
656
590
604
978
640
607
928
600
491
789
617
650
788
837
749
609
708
580
703
761
1019
669
598
591
469
493
795
736
668
816
815
778
740
744
777
731
696
969
531
656
602
800
508
661
563
694
860
800
597
759
600
789
1011
689
707
504
778
1044
620
528
642
810
483
582
780
804
706
773
829
780
551
1254
641
591
641
916
920
580
653
669
599
538
637
653
629
613
449
582
838
660
574
624
694
532
823
701
840
559
695
713
937
632
521
789
952
497
994
788
849
776
773
615
735
609
943
785
1017
855
762
796
933
644
610
598
876
722
636
670
787
846
687
884
756
601
977
744
585
854
638
643
761
661
713
704
726
662
597
573
562
852
964
883
738
650
685
618
724
757
708
717
638
652
638
1055
664
811
619
489
712
529
740
808
811
811
620
853
1002
465
700
589
625
855
914
806
717
669
1011
667
713
645
706
569
699
668
859
609
597
672
540
821
614
660
610
968
453
625
569
749
543
597
592
416
660
731
705
847
713
732
631
664
662
575
1038
625
679
713
753
773
982
824
650
511
564
1039
799
782
544
883
821
848
838
1054
854
736
713
926
945
1084
820
629
720
693
698
801
604
885
667
808
558
817
625
744
907
755
773
597
719
919
856
724
636
830
586
645
775
545
755
679
641
1109
637
645
899
871
840
665
679
817
844
633
679
586
755
856
900
639
941
735
574
770
922
634
588
908
785
630
860
886
687
620
548
862
704
577
640
731
630
847
887
759
481
625
809
485
552
833
681
651
625
818
630
933
595
956
877
711
901
547
635
731
1094
667
546
625
717
607
799
638
809
698
846
692
555
522
810
683
796
1098
1110
820
675
883
842
721
519
775
627
852
507
730
1002
652
648
885
634
796
457
957
576
600
787
764
689
521
827
844
1089
769
561
1021
748
675
763
358
981
754
689
816
633
600
513
781
733
987
842
665
866
658
501
605
824
786
680
701
820
908
911
842
525
686
1028
668
657
715
982
558
593
699
582
622
502
959
878
690
613
936
558
950
715
894
584
667
766
673
674
642
871
628
634
724
845
526
666
612
824
720
500
778
754
685
791
559
680
610
776
1009
803
1001
962
634
577
755
851
369
669
578
907
721
473
1165
584
814
590
569
846
689
697
792
1148
590
739
627
732
708
871
483
745
446
760
635
726
745
670
598
1171
765
534
661
750
602
898
845
533
726
722
836
779
616
752
724
681
662
761
735
914
749
757
941
636
587
802
693
689
1122
738
750
739
679
530
832
623
599
857
981
539
798
569
937
796
593
644
672
775
729
797
693
621
830
578
1055
655
1006
777
662
613
659
889
598
855
1006
833
805
699
870
868
711
756
784
588
876
1183
690
608
720
606
722
709
676
867
673
910
497
495
903
842
682
661
824
995
632
1000
1069
603
340
515
614
749
595
852
509
514
595
721
719
662
755
681
952
608
852
676
582
497
666
708
836
789
787
903
875
402
704
916
774
971
666
842
619
613
900
669
1150
897
947
629
648
901
579
833
691
576
757
669
600
799
550
761
1007
773
812
733
615
840
644
950
897
789
728
694
700
1002
476
786
576
1042
595
846
589
699
527
581
818
732
723
701
757
769
727
660
643
514
843
1131
529
634
544
783
615
722
883
628
729
488
621
918
1093
865
727
462
671
675
907
952
783
630
784
485
650
771
1096
941
765
605
862
832
800
759
912
847
969
597
1045
612
925
589
931
641
739
663
442
692
1010
803
609
855
778
711
761
673
609
887
766
682
808
744
507
584
636
520
700
524
740
609
796
777
596
480
794
869
686
681
589
575
1009
863
684
1168
620
919
756
921
783
538
714
752
960
824
657
666
782
624
642
818
638
695
582
686
810
981
745
853
490
696
995
857
743
599
692
769
600
565
595
957
719
667
803
650
616
728
827
660
735
810
406
1068
830
682
811
515
940
798
659
779
702
590
618
674
636
555
631
723
788
557
658
789
891
732
845
601
498
549
946
773
574
605
481
799
627
616
615
1219
818
848
743
793
421
748
1010
800
810
861
1135
543
814
824
561
576
562
890
631
658
498
573
845
780
571
1080
909
829
794
724
594
685
834
806
519
872
563
654
554
683
836
1020
773
604
855
854
798
907
1053
562
885
752
919
565
635
904
447
537
614
590
730
604
705
825
658
660
1096
671
859
699
761
711
675
753
875
818
1043
