706
849
942
589
743
722
833
597
692
779
1023
548
864
702
545
849
814
600
702
720
607
730
646
982
994
935
745
630
489
618
721
481
620
726
840
618
593
862
581
525
670
1019
606
567
680
715
742
706
734
662
1019
907
874
791
601
828
957
785
655
876
715
770
536
907
746
821
719
739
894
849
825
972
748
544
644
686
872
653
462
665
784
569
869
612
871
723
674
733
875
540
546
599
655
496
632
726
888
998
711
652
650
633
775
681
603
509
889
678
937
800
771
549
772
475
821
700
950
976
803
776
529
924
474
693
608
565
437
762
694
726
602
703
829
770
665
913
822
811
949
610
667
703
628
522
509
603
897
689
762
829
755
587
608
631
625
790
567
762
799
782
665
542
714
816
743
761
638
864
516
921
593
783
607
770
909
1007
619
757
869
587
729
765
533
733
1043
623
706
652
639
737
973
703
752
774
817
861
606
578
764
655
641
726
712
871
726
777
489
845
660
1072
732
665
446
738
1020
1010
605
707
735
731
1018
739
774
519
789
670
762
783
862
837
759
697
541
743
678
965
684
565
684
712
583
756
628
810
935
757
763
534
880
662
634
765
511
1152
788
622
775
710
743
756
689
776
635
593
836
733
758
557
833
819
673
692
913
648
715
562
621
689
668
676
898
482
773
811
694
578
646
1236
760
887
704
722
736
553
787
951
825
546
682
662
735
763
727
727
684
365
837
648
758
681
307
815
565
822
548
805
1196
691
861
917
791
582
471
856
736
699
490
832
904
571
845
838
670
557
766
918
491
660
817
564
687
880
1218
620
567
819
717
714
647
874
656
631
910
833
1064
732
758
763
650
784
634
524
630
612
543
533
865
808
779
621
622
550
892
764
530
885
556
591
549
776
756
1073
652
954
680
636
997
800
740
700
851
679
537
539
680
610
618
660
548
664
702
690
931
939
808
939
644
929
506
710
675
584
565
781
1022
742
830
831
755
534
745
794
522
556
809
573
732
1195
846
1012
589
678
844
675
600
1000
849
682
535
831
843
1017
764
875
666
631
581
938
639
664
940
1005
601
925
685
749
705
807
406
880
690
818
697
642
559
873
682
769
621
676
982
480
794
632
756
615
749
510
722
790
574
647
734
1009
810
668
772
720
646
1006
775
815
693
704
733
870
982
400
870
679
762
606
546
772
683
1042
717
612
550
1021
1004
584
566
861
646
828
670
689
633
657
792
759
608
735
747
1015
801
665
799
574
874
883
734
655
798
632
628
873
697
884
705
563
784
836
789
694
942
698
411
683
609
611
762
536
698
667
848
586
827
659
825
751
738
584
529
577
606
623
922
790
778
645
1029
877
648
934
997
1044
783
910
519
688
642
680
756
796
649
769
705
982
887
559
989
615
900
849
775
812
895
559
843
817
587
677
999
866
578
778
917
775
653
591
881
628
652
589
900
727
694
877
648
562
633
504
865
752
763
874
557
603
952
929
693
815
680
719
968
599
604
534
516
710
901
831
775
585
831
943
472
757
780
940
872
675
566
571
772
664
786
689
949
432
659
717
988
954
744
798
609
733
931
1029
815
772
713
782
760
622
716
575
646
780
615
644
916
747
1031
712
745
691
971
760
521
704
815
1058
625
698
667
695
1409
562
703
668
625
750
842
880
826
639
749
752
977
933
870
684
710
666
779
551
700
656
607
918
763
547
789
899
507
631
841
860
1036
942
601
787
856
580
861
729
671
880
744
888
598
699
701
1321
709
815
656
562
875
777
627
766
527
702
725
822
862
884
770
804
705
1000
632
685
822
565
927
778
620
912
1015
700
597
918
992
727
798
916
711
589
795
783
745
681
807
772
510
726
864
715
678
711
774
475
850
886
387
999
853
710
635
592
582
548
909
848
737
888
602
643
744
939
598
538
834
852
806
820
850
747
619
747
831
727
812
895
828
546
477
735
579
722
853
777
688
594
750
476
427
588
590
464
605
962
605
752
704
763
554
625
555
703
842
1018
872
701
695
683
702
674
767
704
1065
883
837
655
1073
644
830
769
877
878
904
681
972
743
694
670
769
800
782
804
692
766
782
990
496
552
853
803
722
640
571
622
683
593
680
786
967
701
741
669
705
747
585
542
507
951
685
590
570
701
869
842
830
721
586
829
745
488
825
744
697
950
627
812
663
733
710
943
598
748
880
914
883
621
734
796
694
418
964
503
875
889
609
608
709
874
900
844
764
474
877
909
518
849
926
826
603
680
544
662
534
552
669
848
747
817
661
731
669
905
594
528
687
554
699
677
580
990
802
726
507
825
701
786
805
528
777
735
816
851
637
806
465
748
