850
788
694
857
767
721
737
665
466
922
701
962
682
723
789
536
718
730
998
360
827
610
813
723
907
806
842
892
776
809
807
624
520
466
706
738
491
661
1029
746
877
604
756
684
608
754
829
789
876
592
818
679
738
901
899
696
752
573
795
737
476
1041
619
803
808
562
463
538
795
586
615
796
776
773
675
578
746
573
834
833
678
771
753
745
712
1002
778
751
620
485
741
648
855
612
517
515
735
643
803
633
707
711
625
928
632
787
493
652
935
742
712
617
870
706
659
943
828
605
716
794
865
643
598
729
1119
763
773
791
692
750
630
671
631
656
715
794
534
565
614
713
578
920
623
492
553
579
1093
635
971
907
726
641
866
729
781
792
791
640
874
574
933
675
509
558
908
827
628
828
630
696
642
873
826
464
654
910
602
488
715
748
860
833
705
492
694
821
584
710
877
580
517
808
598
922
659
734
921
505
560
793
438
641
650
688
799
628
501
750
686
586
727
795
477
560
763
627
1223
698
631
735
736
933
1040
702
791
812
413
842
697
578
633
565
678
930
694
644
757
684
638
815
577
857
903
715
670
594
402
770
959
502
504
893
631
521
805
727
746
894
801
868
822
633
788
828
647
490
828
1002
760
732
569
815
858
731
608
1035
615
764
620
577
679
651
719
756
569
731
653
476
691
765
677
923
773
677
675
850
1110
516
692
511
637
726
798
699
599
513
698
642
935
745
987
859
686
489
507
612
736
710
777
1103
670
647
536
429
914
766
515
714
622
736
813
510
453
613
845
846
712
541
643
894
466
514
989
544
929
705
674
516
1116
669
580
946
752
958
554
614
625
723
719
569
677
708
809
776
623
1108
658
494
620
532
916
752
606
798
493
723
879
862
747
752
695
632
962
589
515
762
1023
676
953
780
757
760
627
555
938
604
523
841
860
780
686
697
557
682
745
727
445
709
822
700
843
567
779
502
899
791
744
980
586
1008
821
671
884
1044
532
567
572
670
765
742
909
899
582
933
680
770
920
796
734
482
598
787
606
657
875
520
752
918
751
780
704
793
957
767
806
1202
452
611
796
965
743
507
864
925
611
809
648
844
660
631
519
854
719
577
980
744
682
599
536
709
877
644
602
607
699
624
652
701
608
557
650
811
620
611
781
892
752
637
694
617
668
542
735
867
671
572
535
737
661
974
598
565
1019
774
995
616
701
820
791
721
792
721
739
726
595
686
607
853
537
655
601
784
687
616
674
1018
727
788
727
389
974
641
870
857
631
884
825
763
846
781
647
639
1153
849
681
851
554
822
522
592
393
596
478
746
396
526
668
724
575
695
763
660
597
791
721
673
835
572
567
795
895
855
498
631
616
558
1014
795
454
735
605
782
915
550
651
864
1132
575
598
844
767
747
677
787
766
949
545
598
782
664
629
838
890
721
906
729
788
641
751
729
601
714
675
761
808
757
462
743
514
676
818
863
437
771
844
792
551
957
651
654
846
746
493
882
651
1354
860
829
844
539
938
783
638
974
907
904
640
690
544
787
852
551
676
547
922
417
615
592
489
814
662
827
1007
599
854
497
604
722
718
735
836
465
974
802
567
679
787
916
958
556
657
822
813
774
981
644
836
653
725
619
797
594
569
620
737
816
684
714
806
859
700
696
498
516
745
861
669
532
883
606
763
697
734
744
873
506
609
607
735
711
754
983
771
602
874
621
865
487
816
997
790
1175
798
591
605
670
766
839
784
1481
860
559
590
774
597
637
818
749
628
899
507
886
908
679
787
868
729
646
923
1025
773
761
742
742
603
629
844
993
930
719
690
688
781
621
598
881
590
750
664
746
1017
702
754
1080
727
557
946
780
786
834
917
511
894
661
752
809
604
682
814
681
778
401
518
556
679
643
778
891
926
622
568
605
562
682
483
942
966
673
716
614
600
550
764
946
1024
642
784
721
533
624
616
956
781
567
723
533
749
660
838
588
799
669
441
695
609
1078
1035
677
687
576
773
462
723
730
943
786
1094
523
833
1076
745
514
791
651
934
474
782
449
740
671
812
774
638
681
883
500
849
684
631
583
618
771
821
538
649
1190
770
625
858
788
504
615
689
723
732
600
742
516
699
860
802
708
703
770
914
879
684
687
833
696
701
1020
733
662
735
809
690
748
641
729
950
769
807
550
756
775
786
821
759
529
567
584
823
699
805
1108
644
598
650
440
554
756
963
638
870
610
747
693
835
647
782
926
511
650
721
843
642
574
760
842
553
997
610
817
916
618
781
701
881
727
796
915
826
457
578
581
736
546
915
607
647
1083
747
830
809
610
780
498
632
689
