866
922
788
971
773
712
763
788
829
592
875
686
829
582
714
789
694
684
1038
956
572
573
742
1041
649
741
906
694
961
708
1080
805
835
731
921
874
749
698
640
662
969
1095
670
625
575
530
778
956
600
494
970
761
688
757
814
1070
702
584
821
670
801
801
685
704
807
600
1036
868
857
754
483
479
650
678
678
1039
627
1175
693
1056
732
706
759
1101
584
811
727
595
484
805
628
1049
621
828
597
904
718
993
581
723
727
987
592
803
1127
780
574
910
728
819
617
868
880
885
893
605
901
1083
626
799
596
983
693
881
952
880
1227
1005
898
878
671
849
905
686
709
1114
863
664
851
727
463
771
697
758
829
478
764
978
739
764
671
1255
952
802
733
933
687
661
551
1067
1068
906
667
951
700
764
597
859
736
532
733
1275
836
687
992
560
388
708
1071
727
1154
898
642
536
751
940
766
792
851
996
921
675
836
719
755
678
1098
792
780
509
868
768
758
689
509
906
573
1061
710
753
766
708
907
825
746
726
961
1095
773
684
600
631
463
788
952
701
676
747
1004
753
716
862
726
643
613
675
669
608
789
775
667
647
832
933
569
992
759
628
970
882
1012
934
971
884
738
779
598
550
564
443
536
722
825
1036
842
879
672
1018
611
704
747
573
716
963
833
736
901
639
471
580
488
782
815
740
710
725
548
945
866
883
817
944
864
670
857
735
1155
610
865
898
715
830
512
649
676
625
680
674
710
594
915
989
940
1060
976
698
645
803
816
674
888
728
819
780
768
619
915
850
475
832
365
596
458
617
974
704
719
794
678
1137
811
964
728
703
858
700
535
745
810
981
815
583
1078
694
723
902
689
787
668
780
668
506
976
727
646
588
516
721
862
762
606
806
556
733
803
643
626
721
838
576
612
765
873
957
994
818
602
887
705
836
616
654
560
875
718
769
1060
819
705
759
679
780
731
843
792
556
891
911
647
1008
762
524
840
846
854
802
631
711
663
516
780
818
904
726
835
782
1084
1016
766
752
632
549
954
785
708
692
676
849
825
948
727
786
655
910
1121
806
783
966
976
791
831
1070
899
565
740
719
813
997
824
829
709
670
739
634
781
957
717
703
628
736
776
843
772
820
733
679
745
864
858
637
878
625
756
590
810
622
708
973
587
628
494
512
1105
798
629
626
645
897
731
832
820
740
981
822
1027
1099
778
866
779
631
975
1043
813
509
1077
552
920
628
1209
959
1106
1034
844
690
883
829
649
773
712
720
916
546
971
813
606
1013
1313
756
750
946
659
769
915
891
518
692
1255
800
776
847
787
680
826
793
483
944
682
1309
760
585
774
802
1062
720
842
604
973
679
633
620
786
899
617
680
588
658
724
789
749
747
441
957
724
568
848
943
944
756
584
658
723
683
591
845
749
718
421
949
913
1045
836
502
671
647
1010
724
841
673
698
488
864
736
697
905
801
750
1089
1073
901
727
777
902
579
941
745
707
904
824
691
615
683
907
702
893
784
875
587
679
705
1182
705
748
539
630
1019
685
678
956
607
691
856
732
596
775
734
1006
1044
843
675
707
707
630
839
688
588
554
644
763
555
862
851
513
837
713
1266
823
604
656
481
665
691
611
607
1071
719
824
840
856
783
791
457
849
642
758
804
1121
634
690
810
937
1003
697
839
918
772
753
939
717
671
936
904
715
679
735
926
617
536
830
694
693
802
837
544
816
660
790
685
666
562
618
763
602
845
864
918
1056
938
829
795
783
748
773
794
1144
569
735
915
813
538
806
802
779
765
1094
746
812
549
616
669
856
729
830
680
576
582
730
856
664
691
576
766
541
812
642
864
594
791
751
851
753
567
685
767
1071
513
1006
661
939
846
656
422
844
615
633
672
753
979
679
719
744
899
860
854
600
792
785
623
854
760
902
904
946
605
819
802
1134
608
1363
646
796
890
775
646
616
850
545
910
758
1550
999
1156
863
672
1083
639
808
819
811
886
864
988
823
622
754
739
666
986
612
571
855
626
936
974
1006
887
769
648
779
674
996
583
1016
601
815
531
825
755
574
778
669
575
818
618
621
860
949
971
826
782
775
592
948
902
579
679
563
518
671
692
608
852
752
979
524
892
682
718
614
789
851
704
608
808
525
808
555
804
717
657
707
512
645
838
646
676
906
700
781
934
792
703
721
978
850
804
696
699
872
780
559
774
939
1051
856
746
530
664
1023
646
1012
957
532
991
627
980
879
1045
670
715
842
878
1108
701
845
845
582
1012
857
666
786
802
621
708
1073
811
727
562
800
841
881
1306
712
587
588
782
473
628
1061
849
739
637
961
409
1102
633
882
766
582
871
762
744
754
709
866
607
687
544
1059
718
721
