598
774
697
1024
609
547
627
631
961
578
924
615
549
741
776
760
677
647
1032
920
599
496
576
932
704
694
680
778
799
562
1008
810
772
673
804
798
507
779
568
784
592
808
760
740
797
669
805
479
739
910
777
662
570
865
932
612
858
747
990
970
648
638
1019
585
971
664
478
567
593
880
601
769
611
544
808
644
859
883
555
718
560
684
656
628
607
706
713
927
989
774
635
725
697
716
644
952
862
727
758
1053
643
803
564
795
990
667
791
665
657
983
946
587
803
700
836
622
620
565
724
809
700
585
665
550
712
703
902
742
633
684
619
554
779
667
707
736
766
953
667
522
741
701
690
1187
557
490
771
670
1012
642
688
648
479
551
453
552
726
837
691
813
721
552
704
870
1017
878
655
636
1051
517
603
685
534
802
927
707
995
529
840
900
758
889
805
568
698
697
587
592
762
636
634
864
758
722
716
803
720
1206
630
694
846
678
540
471
780
727
919
708
583
673
751
607
699
489
915
835
707
629
705
662
760
813
534
905
561
919
982
835
698
700
684
747
755
741
803
721
856
620
1070
879
690
620
530
946
838
733
634
915
665
711
578
558
731
999
585
592
930
696
742
545
831
839
775
859
821
917
621
676
851
570
746
1012
775
839
781
762
629
864
577
726
802
723
944
727
644
552
510
873
684
840
563
959
609
808
1040
658
1032
898
762
623
626
626
805
866
673
639
759
668
726
774
498
974
800
1025
729
813
538
746
769
726
539
509
1098
801
759
777
723
792
1057
522
589
937
867
881
495
723
777
824
756
872
782
607
694
480
810
905
823
912
719
744
783
1044
549
858
574
425
734
686
825
538
684
988
556
700
673
559
772
1106
858
628
608
638
803
963
688
907
1068
845
668
562
667
697
638
829
579
590
714
560
619
659
654
724
930
987
764
375
503
1098
454
725
716
743
842
1079
862
711
980
549
548
997
731
825
780
746
793
663
626
545
899
651
872
528
617
922
525
877
579
626
868
646
588
812
714
792
607
647
925
689
735
726
533
666
736
895
838
1121
671
777
704
678
854
858
1061
723
809
943
893
1035
695
577
870
594
891
642
813
715
787
637
796
915
583
640
710
641
796
936
499
781
715
634
600
864
708
633
751
1078
946
923
586
1012
721
565
586
849
710
792
709
734
869
1028
566
748
922
929
592
915
390
773
574
1046
448
1075
857
588
556
946
639
780
727
620
673
618
865
712
811
498
580
639
994
637
682
732
786
611
659
976
711
563
620
901
815
570
772
701
696
663
534
849
645
715
905
773
662
555
996
749
735
628
571
780
696
1415
737
553
581
887
806
707
736
823
620
949
863
500
788
913
922
686
732
754
512
543
658
740
620
548
756
1010
854
656
905
506
662
548
698
669
699
645
746
637
715
659
686
527
738
497
775
535
688
861
686
507
611
747
605
694
619
675
679
679
803
463
582
875
671
618
662
757
752
697
534
695
699
863
807
811
677
585
962
629
733
551
764
553
837
924
640
794
750
725
859
764
691
838
694
649
506
774
860
665
677
659
758
874
744
611
935
673
866
596
677
545
620
659
544
856
624
959
583
577
674
670
806
656
588
712
593
707
705
1092
527
609
713
722
898
841
916
963
732
705
760
695
940
674
1039
646
860
916
597
872
775
634
671
717
434
676
593
825
811
722
718
838
869
632
582
672
554
609
482
555
592
963
796
694
768
582
787
912
530
761
904
759
563
610
827
742
1004
559
426
543
719
846
927
824
643
731
662
838
686
675
847
771
893
756
1041
733
968
892
703
474
889
744
755
952
611
579
775
686
716
581
793
533
913
718
619
636
672
913
597
417
656
838
687
682
707
936
797
843
578
623
698
760
745
770
588
674
770
712
750
577
732
642
632
570
878
842
650
1111
1013
674
815
706
745
599
500
895
699
829
517
629
960
757
772
646
501
782
655
782
886
713
691
487
771
604
723
780
701
678
511
768
824
779
980
918
690
677
987
775
841
745
478
513
632
702
653
616
805
702
979
575
682
761
687
744
1092
946
687
730
820
923
680
611
860
667
856
820
908
835
605
900
848
469
824
661
525
850
590
616
879
1052
745
647
647
719
644
595
588
678
743
583
864
693
731
532
575
1033
747
834
966
844
621
677
887
940
884
520
738
595
716
860
581
598
798
834
562
557
718
599
756
632
668
643
895
663
679
679
902
820
622
934
742
667
792
798
805
539
962
806
670
777
616
542
737
776
770
795
712
842
679
849
1094
724
700
820
775
955
624
817
850
809
529
679
612
734
448
736
467
658
604
568
764
746
541
695
738
747
991
777
747
888
